dhm1000.asc
NCOLS 385
NROWS 240
XLLCORNER 479900.
YLLCORNER 62100.
CELLSIZE 1000.
NODATA_VALUE -9999.
[rows 168 to 195 of 240, columns 130 to 194 of 385]
2600.033 2608.009 1793.971 1563.022 1570.01 1962.03 2006.003 2390.965 2388. 2118.019 2583.022 2580.975 2406.987 2060. 1586.033 1334.968 2513.004 3033.979 2520.979 2661.017 1857.99 2216.977 2905.023 2423.01 2138.982 2697.014 2692.991 2757.01 1892.011 2484.982 2023.014 1721.976 1407.033 1357.978 2022.026 1742.022 1075.997 783.994 1008.026 1188.013 1548.976 1279.983 1737.01 2054.988 2225.024 1648.993 1318.028 1345.979 1858.978 1975.017 1855.026 2063.035 2842.981 2836.981 2521.968 2475.03 1984.97 2227. 2292.007 2483.994 2652.97 2398.023 2570.035 2752.987 2586.975
2381.013 2543.99 2109.973 1485.028 1606.008 1691.978 2043.977 2151.97 2263.986 1974.029 2392.024 2626.008 2360.967 1952.995 1550.035 1224.999 2539.966 2702.026 2191.99 2624.031 1737.999 2299.983 2871.99 2455.972 2011.015 2175.968 2708.025 2775.997 1725.999 2409.034 2160.016 1735.034 1147.004 1404.986 1689.014 1440.984 763.031 916.973 1234.034 1630.994 1950.031 1833.992 1888.976 2358.991 2497.969 2233. 1618.007 1391.011 2079.975 2157.969 2024.99 2081.034 2591.986 2602.997 2537.002 2250.998 2002.968 2217.965 2326.028 2513.992 2479.971 2410.022 2264.974 2477.994 2352.991
2037.978 1952.995 2057.035 1767.996 1032.024 1344.002 1679.979 1887.988 1909.022 1891.023 2079.975 2161.004 1954.972 1614.972 1022.001 1506.979 2329.981 2060.988 1807.029 2244.999 1492.016 2276.973 2270.973 2221.989 1606.008 2078.987 2512.015 2674.992 1608.972 2012.003 2246.975 1849.026 1046. 1068.021 890.999 739.033 1022.001 1350.002 1710.965 2006.003 2644.006 2651.982 2580.975 2477.006 1938.032 2049.977 1827.992 1543.965 2105.032 2230.035 2586.975 2751.999 2568.976 2382.001 2674.992 2071.999 2089.998 2173.992 2345.015 2417.01 2016.026 1686.967 1486.016 1647.017 1265.02
1529.001 1485.028 1594.997 1469.994 884.999 1212.012 1553. 1666.004 1506.979 1491.027 1803.994 1757.974 1772.02 1440.984 873.988 1457.006 1821.005 1662.969 1683.014 1620.971 1647.017 1893.988 2089.998 2040.025 1654.993 2095.997 2209.989 2198.978 1774.984 1827.992 1863.002 1531.966 837.002 882.034 693.012 857.966 1416.986 1611.019 1773.008 2356.026 2942.997 2567.988 2442.985 2123.031 2208.013 2370.002 1857.99 2067.976 2304.994 2553.024 2924.01 2771.974 2167.992 1990.969 2199.967 1795.03 2150.982 2381.013 2506.016 2370.002 2322.993 1994.992 1677.015 1272.007 940.972
1145.028 1100.984 1181.026 1166.979 753.996 1177.99 1226.975 1338.003 1193.025 1431.032 1489.969 1475.005 1445.995 1105.007 868.977 1363.978 1453.971 1320.004 1537.965 1148.981 1619.983 1545.024 1577.986 1552.011 1272.995 1924.974 1849.026 1934.997 1697.978 1272.007 1493.004 1260.008 680.025 676.99 704.023 916.973 1482.981 2058.023 2227.988 2553.024 2592.975 2415.034 2250.01 2204.978 2378.966 2129.03 2099.032 2384.965 2154.017 2594.033 2794.984 2799.995 2013.979 1680.967 1803.994 1817.969 2211.966 2543.99 2242.034 2173.004 2117.031 1879.024 1518.979 890.999 1427.008
723.998 833.967 895.022 778.983 722.022 797.97 939.983 992.991 1069.998 1189.001 1163.027 1087.997 990.027 793.029 813.992 889.022 972.028 1093.996 913.021 883.023 1065.975 1280.971 1167.968 1155.968 1320.992 1427.997 1570.01 1629.018 1415.009 1103.031 1135.005 932.007 678.966 785.971 888.034 933.984 1303.982 1975.017 2416.022 2443.973 2437.973 2615.985 2632.007 2461.972 2299.983 2518.015 2136.018 2658.97 2316.006 2702.026 2887.025 2434.021 1750.986 1636.006 1677.015 1932.032 2284.031 2005.015 2201.025 2400. 2025.979 1628.03 1226.975 873. 1504.015
557.986 552.975 557.986 569.985 668.026 686.025 663.014 626.029 621.017 624.97 623.982 623.982 628.993 636.969 682.989 741.009 636.969 633.016 634.005 638.028 638.028 639.016 640.992 652.992 783.006 820.98 890.01 996.026 658.991 674.025 664.991 784.982 850.978 861.989 962.005 1177.002 1828.98 1781.972 1915.022 1873.024 2161.004 2174.98 2435.009 2515.968 3025.015 2352.991 2469.03 2845.028 3161.029 2535.026 2352.003 2101.997 2123.031 1574.033 1650.969 1994.992 1628.03 1801.03 2066.988 2131.007 1422.985 915.985 1008.026 1493.992 2010.027
544.999 555.022 557.986 592.008 717.011 765.995 706. 640.004 618.97 618.97 733.033 797.97 1016.99 1033.012 1169.026 1237.986 1083.973 985.016 854.013 740.021 694.989 644.027 658.991 656.027 646.004 647.98 652.992 652.003 813.004 793.029 1089.973 1159.003 1260.996 1309.981 1127.029 1279.983 1272.995 1333.979 1429.973 1600.996 2219.024 2406.987 2648.03 2973.983 2443.973 2781.009 2680.004 2638.007 2688.968 2684.027 2242.034 2287.984 1849.026 1296.994 1129.005 1479.028 1632.971 1829.969 2380.025 1980.029 1105.007 746.02 1258.032 1707.012 2095.997
623.982 781.03 1003.014 1107.972 1086.02 984.027 993.98 791.97 844.978 1002.026 1021.013 927.984 1385.011 1437.031 1580.033 1600.996 1334.968 1182.014 1136.981 1273.984 1147.992 1157.027 1113.971 1063.998 658.003 990.027 914.997 927.984 1360.025 1181.026 1200.012 1570.998 1923.986 1793.971 1439.008 1075.009 1492.016 1618.995 1855.026 1838.015 2042.001 2411.011 2622.972 2694.968 2100.021 2530.014 2181.968 2219.024 2549.001 2529.026 2346.992 2181.968 1726.988 1344.002 1187.025 993.98 1350.99 1952.007 2334.004 1909.022 1057.01 766.984 1344.002 1940.996 2649.018
1165.003 1398.987 1553.988 1908.034 1053.975 1360.025 1523.002 1148.981 1254.997 1352.967 1214.976 1105.995 1673.979 1820.016 1865.966 1760.021 1459.971 1343.014 1241.021 1264.031 1581.021 1531.966 1539.024 1463.994 711.011 1093.008 1444.019 1302.005 1845.003 1390.023 1373.012 1981.017 2461.972 2108.985 1610.031 1386. 1805.97 1915.022 2049.977 2137.006 2105.032 2711.978 2698.991 2305.983 1886.012 1989.981 1932.032 2064.023 2584.999 2263.986 2090.986 1927.021 1571.987 1804.982 1481.993 1241.021 1195.989 1513.967 1839.991 1696.99 731.974 886.975 1393.975 1775.972 2561.989
1322.969 1546.012 1832.016 2012.991 2135.03 1977.982 2400.988 2048.989 2340.004 2058.023 1617.019 1201.989 2239.987 2483.006 2473.971 2149.993 1660.004 1910.01 1652.028 1679.979 1670.027 1797.006 1673.979 1314.004 867.988 1093.996 1444.019 1643.982 2273.02 1826.016 1702.989 2054. 2334.992 1921.021 1992.028 2190.014 1852.979 2269.985 2348.968 2536.014 2782.985 2290.031 2191.99 2148.017 1735.034 1813.029 2114.984 2330.969 2083.998 2135.03 2323.981 2506.016 2545.966 2165.028 1970.006 1893.988 867.988 745.032 825.991 817.027 739.033 1338.003 1613.984 1990.969 2257.986
1308.993 1690.002 2071.999 2388.989 2290.031 2231.023 2411.011 2272.032 2452.02 2256.01 1945.02 1553.988 2330.969 2846.016 2471.995 2437.973 1807.029 2217.965 1980.029 2004.027 1932.032 2049.977 1837.027 1342.026 830.015 1123.994 1380.988 1737.01 2192.979 2126.983 1804.982 2230.035 2567.988 2382.989 2423.998 2388. 1809.005 2203.99 2572.011 2854.98 2523.026 2502.981 2481.029 2306.971 1928.009 1941.984 1857.002 1749.01 1963.018 2178.015 2334.004 2198.978 2751.01 2576.034 2209.989 1784.019 1086.02 688.989 659.979 696.965 1075.009 1501.968 1851.002 2297.019 2399.011
1003.014 1676.026 2060.988 2220.012 2425.974 2481.029 2422.022 2507.992 2590.01 2417.999 2101.997 1690.99 2288.972 2549.989 2674.004 2548.013 2053.012 2464.019 2363.014 2258.974 2065.011 2097.974 1887.988 1355.013 955.018 1306.029 1553.988 1779.996 2220.012 1959.983 1720. 2153.029 2461.972 2483.006 2227.988 2108.985 1857.002 1960.971 2323.981 2644.006 3015.98 3158.982 3098.986 2654.029 2155.993 2004.027 1338.991 1343.014 1643.982 1674.968 1793.971 2040.025 2389.977 2601.021 2132.983 1875.989 1250.974 837.002 656.027 538.011 1367.013 1700.025 2095.009 2370.002 2184.015
992.003 1625.983 1679.979 1934.009 2459.996 2567.988 2675.98 2780.02 2421.033 2238.011 2102.985 1638.97 2515.968 2554.012 2795.972 2491.97 2347.98 2608.997 2750.022 2514.98 1897.023 1863.002 1832.016 1451.995 1022.001 1217.023 1409.998 1558.011 2329.981 2058.023 1773.996 2119.996 2487.029 2322.005 2014.968 1975.017 2147.029 2314.029 2519.003 2758.987 3376.026 3224.978 3272.974 2382.989 2364.99 2002.968 1521.025 -9999. -9999. -9999. -9999. -9999. -9999. -9999. -9999. -9999. -9999. -9999. -9999. -9999. -9999. -9999. -9999. 2189.026 2047.012
925.02 1414.021 1898.999 2173.992 2400.988 2488.017 2586.975 2821.029 2741.976 2661.017 2370.002 1881. 2501.004 2961.984 2789.973 2574.976 2614.997 2788.984 2854.98 2619.02 2017.015 1416.986 1315.981 997.015 1085.032 1473.029 1951.019 1890.035 2416.022 2427.033 1918.974 2180.979 2323.981 2154.017 1851.002 2036.99 2483.006 2698.991 2608.009 2637.019 2891.966 2770.986 2676.969 2813.971 2561.989 1970.006 2000.004 -9999. -9999. -9999. -9999. -9999. -9999. -9999. -9999. -9999. -9999. -9999. -9999. -9999. -9999. -9999. -9999. 1542.977 1815.005
1043.035 1282.03 1735.034 1972.97 2230.035 2463.031 2580.975 2667.016 2734.988 2469.03 2279.02 1869.001 2419.975 2602.997 2669.981 2821.029 2688.968 2630.031 2449.973 2347.98 1684.99 1350.99 876.035 915.985 1140.016 1612.007 1928.997 2256.998 2737.035 2591.986 2175.968 2085.974 2527.967 2173.004 1865.966 1803.006 1993.016 2262.997 2213.024 2508.98 2523.026 2407.976 2406.987 2358.991 2672.028 2148.017 2139.971 -9999. -9999. -9999. -9999. -9999. -9999. -9999. -9999. -9999. -9999. -9999. -9999. -9999. -9999. -9999. -9999. 1248.009 1310.969
1265.02 1184.978 1547.988 1682.026 2084.986 2375.013 2459.007 2612.032 2493.029 2519.991 2245.987 1805.97 2484.982 2580.975 2771.974 2944.974 2783.973 2555.001 2071.011 1962.03 1331.015 855.001 1296.994 1457.994 1004.002 1368.989 1831.027 2332.028 2775.997 2656.994 2364.002 2165.028 2602.009 2151.97 2165.028 2048.989 1695.013 1908.034 2227. 2445.032 2196.014 1938.032 2018.003 2175.968 2160.016 2113.008 1924.974 -9999. -9999. -9999. -9999. -9999. -9999. -9999. -9999. -9999. -9999. -9999. -9999. -9999. -9999. -9999. -9999. 1217.023 1958.995
1455.03 1131.97 1404.986 1839.991 2114.984 2290.031 2465.995 2640.971 2419.975 2346.003 2103.973 1861.025 2514.98 2654.029 2879.966 2732.024 2441.997 2237.023 1954.972 1619.983 889.022 1262.973 1594.009 1982.005 1135.993 1357.978 1880.012 2167.004 2776.985 2690.027 2481.029 2288.972 2654.029 2419.975 2596.998 2381.013 1610.031 1823.969 2162.981 2276.973 2525.991 1904.999 1629.018 1883.965 2042.989 1659.016 1481.005 -9999. -9999. -9999. -9999. -9999. -9999. -9999. -9999. -9999. -9999. -9999. -9999. -9999. -9999. -9999. -9999. 1093.008 1702.989
1660.004 1379.012 1421.997 1784.019 2457.031 2464.019 2543.99 2767.033 2582.034 2317.982 1867.025 2329.981 2895. 3030.027 3046.967 2679.016 2439.032 2064.023 1939.02 1301.017 1480.016 1646.029 1910.998 2198.978 1853.967 1203.965 1459.971 2007.98 2787.008 2916.034 3137.031 2978.995 3060.024 2849.969 2418.987 2230.035 1761.009 1588.009 1414.021 1594.997 2037.978 1425.032 1098.019 1291.982 896.998 825.003 1067.033 -9999. -9999. -9999. -9999. -9999. -9999. -9999. -9999. -9999. -9999. -9999. -9999. -9999. -9999. -9999. -9999. 1499.003 1465.97
1808.017 1426.02 1356.99 1805.97 2519.003 2573. 2666.028 2858.015 2539.966 2322.005 1897.023 2322.993 2765.974 2895.989 2712.966 2531.99 2505.028 2018.991 1439.996 1053.975 1576.998 1761.009 2166.016 2481.029 1877.965 1638.97 1303.982 1803.994 2655.017 2718.966 2758.987 2860.979 3177.969 2953.02 2453.008 2204.978 2160.016 1809.994 1583.986 1330.027 1373.012 1404.986 1708.001 1942.973 1100.984 1574.033 1757.974 -9999. -9999. -9999. -9999. -9999. -9999. -9999. -9999. -9999. -9999. -9999. -9999. -9999. -9999. -9999. -9999. 1141.005 1773.008
1719.012 1395.034 1296.994 1605.02 2368.025 2495.993 2582.034 2869.026 2561.989 2352.003 2014.968 2465.007 3016.969 2970.031 2799.007 2708.025 2305.983 1834.98 1260.996 1188.013 1738.987 2054. 2393.012 2608.997 2435.009 1797.006 1241.021 1813.029 2415.034 2495.993 2630.031 2870.014 3258.011 3408. 2901.988 2823.994 2328.993 2447.996 2019.979 1331.015 1725.999 1990.969 2292.007 1720. 1572.975 1987.017 2121.972 -9999. -9999. -9999. -9999. -9999. -9999. -9999. -9999. -9999. -9999. -9999. -9999. -9999. -9999. -9999. -9999. 1036.965 1545.024
1596.973 1698.966 1535.989 1422.985 2114.984 2359.979 2663.981 2861.968 2692.991 2311.982 2227. 2640.971 3038.002 3187.992 3143.031 3117.973 2203.001 1494.98 1117.995 1383.035 1918.974 2491.97 2698.002 2873.967 2463.031 1939.02 1518.979 1751.974 2508.98 2675.98 3087.976 2885.966 3215.025 3468.984 3216.014 3091.01 2752.987 2370.002 1847.967 1355.013 2053.012 1835.968 1862.013 1360.025 1843.027 2429.998 2322.993 -9999. -9999. -9999. -9999. -9999. -9999. -9999. -9999. -9999. -9999. -9999. -9999. -9999. -9999. -9999. -9999. 966.029 1574.033
2103.973 2467.971 2221.989 1988.005 1855.026 2321.017 2549.001 2633.983 2936.998 2381.013 2357.014 2684.027 3304.031 2989.018 2811.995 2560.012 1882.977 1248.009 1372.024 1792.983 2119.007 2316.994 2724.965 2787.008 2613.02 2830.981 2345.015 1796.018 2025.979 2291.019 2577.023 2858.015 3161.029 3539.003 3473.996 3038.991 2430.986 1970.006 1528.013 1952.995 2113.008 1832.016 1390.023 1664.027 1807.029 2084.986 1921.021 -9999. -9999. -9999. -9999. -9999. -9999. -9999. -9999. -9999. -9999. -9999. -9999. -9999. -9999. -9999. -9999. 1439.996 1952.995
2292.007 2662.005 2517.027 2233.988 1730.023 2324.969 2622.972 3092.987 2747.976 2477.006 2465.007 2730.965 3318.007 3192.015 3108.021 2662.993 1891.023 1225.987 1505.991 1922.998 2374.025 2341.98 2944.974 2897.965 2889.001 3109.009 2557.965 2083.998 1833.004 2178.015 2645.983 2931.986 3161.029 3406.024 3701.98 2861.968 2260.033 1819.028 1891.023 2001.98 2234.976 1773.996 1401.034 1958.007 2034.025 2220.012 2119.996 -9999. -9999. -9999. -9999. -9999. -9999. -9999. -9999. -9999. -9999. -9999. -9999. -9999. -9999. -9999. -9999. 1635.017 1638.97
2205.966 2693.979 2622.972 2409.034 1605.02 2126.983 2453.008 2842.981 3175.005 2720.024 2854.98 2817.006 3133.008 3277.986 2982.03 2846.016 1945.02 1230.01 1761.009 2358.991 2881.025 2537.99 2918.011 3085.011 3437.01 3012.028 2535.026 2121.972 1820.016 2167.992 2483.006 2705.979 2916.034 3205.003 3407.012 2895.989 2435.997 2324.969 2476.018 2251.986 2144.982 1529.001 1862.013 2171.027 2209.001 2328.005 2174.98 -9999. -9999. -9999. -9999. -9999. -9999. -9999. -9999. -9999. -9999. -9999. -9999. -9999. -9999. -9999. -9999. 1303.982 1228.034
2220.012 2630.031 2625.019 2409.034 1661.98 1868.013 2323.981 2867.967 3237.965 2944.974 3108.021 3008.004 3127.996 3433.975 2954.008 2686.003 1940.008 1236.01 1644.97 2435.009 3020.992 2764.986 3027.979 3206.979 3612.974 2916.034 2435.009 2002.968 1751.974 2011.015 2372.966 2440.021 2944.974 3244.035 3695.98 3254.976 2722.989 2525.003 2399.011 2642.03 2187.967 1707.012 2111.031 2392.024 2376.99 -9999. -9999. -9999. -9999. -9999. -9999. -9999. -9999. -9999. -9999. -9999. -9999. -9999. -9999. -9999. -9999. -9999. -9999. -9999. -9999.
2309.018 2757.998 3119.032 2738.023 1736.022 1796.018 2238.011 2712.966 2972.995 3400.024 3378.002 3664.006 3374.967 3467.996 3478.019 3055.013 1982.005 1294.029 1726.988 2380.025 3010.969 3567.024 3467.008 3517.969 3414. 3182.98 2711.978 2314.029 1558.999 1849.026 2369.014 2646.971 3120.02 3639.02 3453.032 3719.979 3358.027 2916.034 2881.025 2530.014 1798.983 2099.032 2256.998 2183.027 2111.031 -9999. -9999. -9999. -9999. -9999. -9999. -9999. -9999. -9999. -9999. -9999. -9999. -9999. -9999. -9999. -9999. -9999. -9999. -9999. -9999.
2298.995 2714.025 3115.997 3132.02 1945.02 1826.016 2570.035 2585.987 2901.988 3415.976 3588.976 3696.969 3606.975 3463.973 2965.019 2783.973 1738.987 1370.965 1946.008 2609.985 3108.021 3676.993 3748. 3712.991 3343.981 2901. 2502.981 2475.03 1654.993 1779.008 2291.019 2656.005 3167.029 3110.986 3051.978 3302.972 2919.987 2615.985 2470.018 2244.01 2201.025 2281.984 2537.99 2107.996 1606.996 -9999. -9999. -9999. -9999. -9999. -9999. -9999. -9999. -9999. -9999. -9999. -9999. -9999. -9999. -9999. -9999. -9999. -9999. -9999. -9999.
