dhm1000.asc
NCOLS 385
NROWS 240
XLLCORNER 479900.
YLLCORNER 62100.
CELLSIZE 1000.
NODATA_VALUE -9999.
[rows 112 to 139 of 240, columns 0 to 64 of 385]
-9999. -9999. -9999. -9999. -9999. -9999. -9999. -9999. -9999. -9999. -9999. -9999. -9999. -9999. -9999. -9999. -9999. -9999. -9999. -9999. -9999. -9999. -9999. -9999. -9999. -9999. -9999. -9999. -9999. -9999. -9999. -9999. -9999. -9999. -9999. 914.009 851.966 845.966 908.009 1010.002 1137.97 1137.97 1177.99 1181.026 1111.007 1124.982 1046.988 1053.975 1071.974 1088.985 1350.002 1244.974 1493.004 1441.972 1242.998 1187.025 1191.966 1242.009 1160.98 1075.009 967.017 918.032 791.97 659.979 584.032
-9999. -9999. -9999. -9999. -9999. -9999. -9999. -9999. -9999. -9999. -9999. -9999. -9999. -9999. -9999. -9999. -9999. -9999. -9999. -9999. -9999. -9999. -9999. -9999. -9999. -9999. -9999. -9999. -9999. -9999. -9999. -9999. -9999. -9999. -9999. 913.021 868.977 950.994 958.97 1005.979 1074.021 1124.982 1148.981 1154.98 1129.005 1129.005 1067.033 1125.97 1148.981 1129.005 1169.026 1519.967 1487.004 1324.027 1183.002 1234.034 1217.023 1059.975 862.977 821.968 787.029 769.031 597.019 529.965 472.016
-9999. -9999. -9999. -9999. -9999. -9999. -9999. -9999. -9999. -9999. -9999. -9999. -9999. -9999. -9999. -9999. -9999. -9999. -9999. -9999. -9999. -9999. -9999. -9999. -9999. -9999. -9999. -9999. -9999. -9999. -9999. -9999. -9999. -9999. -9999. 848.013 848.013 919.02 974.993 1064.986 1087.008 1082.985 1125.97 1139.028 1165.991 1117.006 1045.011 1032.024 1134.017 1207.988 1439.008 1343.014 1244.974 1203.965 1022.989 783.006 651.015 622.994 548.034 514.013 496.014 473.004 453.029 455.005 430.019
-9999. -9999. -9999. -9999. -9999. -9999. -9999. -9999. -9999. -9999. -9999. -9999. -9999. -9999. -9999. -9999. -9999. -9999. -9999. -9999. -9999. -9999. -9999. -9999. -9999. -9999. -9999. -9999. -9999. -9999. -9999. -9999. -9999. -9999. -9999. 848.013 945.983 1029.977 945.983 1079.033 1104.019 1113.971 1177.99 1137.97 1095.973 1069.01 1085.032 1085.032 1163.027 1232.975 1242.009 1188.013 1172.979 1109.03 615.018 585.02 561.021 555.022 516.977 491.003 454.017 455.993 432.983 427.972 427.972
-9999. -9999. -9999. -9999. -9999. -9999. -9999. -9999. -9999. -9999. -9999. -9999. -9999. -9999. -9999. -9999. -9999. -9999. -9999. -9999. -9999. -9999. -9999. -9999. -9999. -9999. -9999. -9999. -9999. -9999. -9999. -9999. -9999. -9999. -9999. 878.011 1040. 1043.035 976.969 1095.973 1177.002 1212.012 1153.992 1115.03 1093.996 1111.995 1088.985 1172.979 1107.972 1069.01 999.979 1051.999 1067.033 940.972 538.011 592.996 578.032 510.978 466.016 457.97 451.97 449.006 427.972 427.972 427.972
-9999. -9999. -9999. -9999. -9999. -9999. -9999. -9999. -9999. -9999. -9999. -9999. -9999. -9999. -9999. -9999. -9999. -9999. -9999. -9999. -9999. -9999. -9999. -9999. -9999. -9999. -9999. -9999. -9999. -9999. -9999. -9999. -9999. -9999. -9999. 938.995 1050.023 1053.975 1052.987 1134.017 1202.977 1201.989 1135.993 1117.006 1099.008 1093.008 1121.03 1260.996 1049.035 1023.978 990.027 742.985 850.978 568.997 579.02 602.03 592.996 573.021 509.001 498.979 461.993 427.972 427.972 427.972 427.972
-9999. -9999. -9999. -9999. -9999. -9999. -9999. -9999. -9999. -9999. -9999. -9999. -9999. -9999. -9999. -9999. -9999. -9999. -9999. -9999. -9999. -9999. -9999. -9999. -9999. -9999. -9999. -9999. -9999. -9999. -9999. -9999. -9999. -9999. -9999. 1050.023 1047.976 1099.996 1050.023 1167.968 1255.985 1266.008 1171.003 1136.981 1166.979 1214.976 1304.97 1265.02 1343.014 1057.999 1035.977 627.017 602.03 563.986 529.965 513.025 486.979 497.99 432.983 427.972 427.972 427.972 427.972 427.972 429.031
-9999. -9999. -9999. -9999. -9999. -9999. -9999. -9999. -9999. -9999. -9999. -9999. -9999. -9999. -9999. -9999. -9999. -9999. -9999. -9999. -9999. -9999. -9999. -9999. -9999. -9999. -9999. -9999. -9999. -9999. -9999. -9999. -9999. -9999. -9999. 1065.975 1089.973 1024.966 1044.023 1183.002 1224.011 1243.986 1182.014 1183.002 1218.999 1243.986 1533.025 1326.992 1170.014 939.983 652.992 604.007 581.985 545.987 484.015 472.016 484.015 466.016 431.007 427.972 427.972 427.972 427.972 481.968 495.026
636.969 615.018 578.032 588.972 588.972 610.994 728.022 850.978 717.999 805.028 781.03 783.006 781.03 735.009 759.008 824.015 873. 890.01 861.001 871.023 868.977 880.976 956.994 974.993 1017.978 1067.033 979.016 997.015 1045.011 975.981 958.97 857.966 869.965 934.972 1032.024 1036.965 1023.978 974.993 1064.986 1130.982 1137.97 1167.968 1230.998 1237.986 1216.035 1203.965 1297.982 1147.992 1131.97 826.979 612.971 651.015 569.985 534.976 485.003 437.995 433.971 433.971 435.03 430.019 427.972 429.031 513.025 552.975 508.013
628.005 610.006 591.019 588.972 588.972 608.03 725.975 845.966 724.987 812.016 783.006 782.018 778.983 725.975 788.017 836.014 880.976 879.988 865.024 863.965 874.976 886.975 951.983 975.981 1030.965 1073.033 998.991 1010.99 1032.024 970.969 902.998 855.989 886.975 918.032 1018.966 1021.013 993.98 970.969 1063.998 1119.971 1151.028 1159.003 1208.976 1230.998 1185.966 1097.031 1298.97 1207. 1069.998 753.996 609.018 635.981 558.974 539.988 455.005 444.982 473.004 433.971 435.03 431.007 430.019 429.031 527.988 551.987 526.012
562.998 556.01 546.975 615.018 765.995 753.008 666.967 737.974 806.016 789.994 704.023 791.97 709.035 735.009 808.981 841.026 831.003 813.004 883.023 900.033 943.018 920.008 1023.978 1086.02 1010.002 1082.985 1002.026 968.005 926.008 901.021 850.978 866.012 918.032 951.983 979.016 925.02 966.029 998.003 1077.974 1047.976 1070.986 1075.009 1000.967 1086.02 1294.029 1332.003 1300.029 999.979 723.01 618.97 605.983 550.999 490.015 478.015 449.006 507.025 473.004 433.971 432.983 433.971 448.017 509.001 610.994 560.033 529.965
527.988 543.023 539.988 548.034 688.001 616.006 590.031 632.028 736.986 789.994 690.965 737.974 759.008 759.008 839.967 872.012 878.999 848.013 920.996 950.006 919.02 961.017 1056.022 1065.975 1068.021 1034. 1000.967 925.02 890.999 861.001 871.023 908.009 968.993 900.033 916.973 950.006 1016.002 1098.019 1061.034 1069.998 975.981 1038.024 1212.012 1350.002 1370.965 1333.979 1116.018 752.02 648.968 615.018 592.008 491.991 508.013 465.028 439.971 433.971 433.971 431.995 437.006 436.018 502.014 540.976 534.976 604.007 646.992
543.023 525.024 539.988 534.976 545.987 550.01 627.017 711.011 777.006 761.972 700. 755.973 754.984 820.98 878.011 902.01 912.032 885.987 925.02 951.983 991.015 960.029 1051.011 1085.032 1135.993 1046.988 938.007 950.006 961.017 978.028 964.97 991.015 1005.979 942.03 931.019 1008.026 1104.019 1330.027 1036.965 916.973 886.975 1141.005 1260.996 1327.98 1308.993 1208.976 813.992 687.013 628.005 564.974 497.99 481.968 465.028 438.983 435.03 433.971 432.983 433.971 439.971 495.026 490.015 538.999 549.022 620.029 617.982
501.026 533. 514.013 525.024 543.023 567.021 719.975 678.966 770.019 648.968 682.989 794.017 813.992 857.966 855.001 885.987 938.995 913.021 956.994 952.971 1005.979 1030.965 1064.986 1076.986 1149.969 992.991 1009.014 993.98 994.968 964.97 951.983 967.017 927.984 908.997 1027.013 1055.034 1155.968 1270.031 938.995 848.013 1135.993 1177.99 1139.028 1119.971 1135.993 913.021 745.032 670.002 615.018 581.985 507.025 479.992 443.006 433.971 433.971 435.03 433.971 436.018 525.024 473.004 531.024 550.01 615.018 568.997 514.013
599.983 523.965 686.025 527.988 533.988 568.997 586.996 646.992 608.03 617.982 758.02 803.969 855.001 882.034 898.974 945.983 926.008 944.995 993.98 1004.002 1056.022 1121.03 1146.016 1043.035 997.015 1061.034 1017.978 951.983 927.984 915.985 981.98 1046. 1051.011 1131.97 1199.024 1254.009 1292.971 1379.012 1046. 859.024 880.976 939.983 890.01 767.972 717.999 700.988 698.024 646.992 611.983 580.008 503.002 438.983 437.006 437.006 433.971 492.979 544.011 550.999 533. 551.987 576.973 638.028 602.03 560.033 497.99
653.98 660.967 687.013 758.02 550.01 538.011 549.022 618.97 626.029 659.979 818.015 866.012 869.965 900.033 945.983 938.007 925.02 926.008 992.003 1117.006 1201. 1165.003 1057.01 1009.014 1014.025 1069.998 928.972 933.984 927.984 948.03 1088.985 1135.005 1147.004 1141.993 1238.974 1276.031 1332.003 1368.001 1147.992 878.011 814.98 839.967 747.009 678.966 835.026 682.989 568.009 526.012 600.972 540.976 459.029 442.018 437.995 437.006 442.018 552.975 578.032 580.008 538.011 592.008 617.982 676.99 610.006 533.988 504.978
683.978 676.99 704.023 742.985 718.987 606.971 688.001 783.994 671.978 719.975 811.028 844.978 876.035 932.007 957.982 928.972 961.017 930.031 1139.028 1154.98 1123.994 1080.021 1027.013 1004.002 979.016 955.018 969.981 978.028 961.017 1045.011 1189.001 1219.987 1195.001 1161.968 1213.988 1243.986 1254.997 1298.97 1074.021 856.977 755.973 758.02 789.994 900.033 910.974 807.004 672.967 640.004 588.972 522.977 493.967 442.018 438.983 438.983 469.969 534.976 599.983 602.03 548.034 604.995 666.967 688.001 597.019 538.999 572.032
694.989 690.965 684.966 658.003 758.02 628.005 717.011 692.024 713.975 785.971 863.965 819.992 885.987 922.973 996.026 979.016 944.995 1065.975 1193.025 1091.032 1057.999 1034. 1023.978 1035.977 996.026 932.996 951.983 1027.013 1098.019 1116.018 1242.998 1222.034 1219.987 1202.977 1158.015 1149.969 1236.998 1157.027 748.985 757.031 814.98 855.989 1051.999 1079.033 950.994 817.027 653.98 642.969 585.02 523.965 542.035 442.018 439.971 438.983 461.005 521.001 550.01 593.984 581.985 620.029 664.991 686.025 605.983 527. 564.974
713.975 710.023 769.031 688.989 654.968 656.027 586.996 699.012 794.017 838.979 857.966 867. 895.022 932.007 1051.011 1157.027 1171.003 1111.995 1086.02 1075.009 1036.965 1038.024 999.979 975.981 968.005 1075.997 1166.979 1207. 1235.022 1279.983 1224.011 1193.025 1191.966 1099.008 1157.027 1105.007 1033.012 878.011 1252.032 1147.004 1116.018 960.029 879.988 815.968 741.997 694. 642.969 639.016 592.996 574.009 513.025 438.983 438.983 441.03 508.013 544.999 591.019 608.03 604.007 653.98 687.013 689.977 579.02 612.971 620.029
682.001 701.976 769.031 759.008 659.979 632.028 602.03 705.011 811.028 819.004 884.011 879.988 916.973 920.996 1058.987 1143.969 1112.983 1080.021 1055.034 1043.035 1045.011 1003.014 1046.988 1067.033 1068.021 1159.992 1189.001 1214.976 1236.998 1230.01 1234.034 1171.991 1181.026 1163.027 1178.979 1136.981 1063.998 1074.021 1164.015 1040. 925.02 1075.997 1014.025 944.995 833.967 735.009 662.026 638.028 603.019 555.022 455.005 438.983 438.983 441.03 477.027 568.009 598.995 616.006 630.969 662.026 700. 680.025 576.973 608.03 635.981
711.011 705.011 759.008 769.031 754.984 610.006 725.975 716.022 746.02 814.98 829.026 880.976 869.965 1091.032 1109.03 1119.971 1075.997 1028.001 1028.001 1017.978 990.027 1028.989 1147.992 1145.028 1103.031 1155.968 1159.003 1173.967 1230.01 1241.021 1208.976 1199.024 1228.034 1181.026 1164.015 1097.031 1016.002 1426.02 1093.008 970.969 1085.032 1225.987 1208.976 968.993 831.991 758.02 694. 640.992 564.974 550.01 472.016 441.03 438.983 438.983 504.978 579.02 612.971 624.97 639.016 665.979 694. 647.98 617.982 620.029 651.015
716.022 727.033 773.971 783.006 801.993 683.978 758.02 761.972 653.98 767.972 831.003 842.014 991.015 988.968 1051.999 1016.99 1023.978 992.991 991.015 1040.988 1016.99 1062.022 1154.98 1149.969 1143.969 1103.031 1147.992 1229.022 1237.986 1272.995 1261.984 1171.003 1167.968 1141.993 1004.002 1110.019 1092.02 1315.981 1075.009 1046.988 1159.992 1266.996 1040. 869.965 789.994 741.009 629.981 611.983 579.02 528.977 481.968 445.971 438.983 444.982 574.009 568.009 620.029 632.028 656.027 672.967 663.014 610.994 641.98 648.968 593.984
677.978 785.971 818.015 839.967 853.025 748.985 735.009 747.997 764.019 731.974 704.023 808.981 855.001 1003.014 895.022 859.024 892.975 985.016 1117.995 1147.992 1129.994 1125.97 1197.965 1220.976 1211.023 1169.026 1259.02 1338.003 1393.975 1356.001 1124.982 1105.007 1081.997 1024.966 1004.002 1034. 1109.03 1086.02 1135.005 1196.977 1214.976 1074.021 836.014 766.984 723.01 689.977 602.03 574.997 554.034 520.013 467.993 509.001 473.004 502.014 588.972 590.031 615.018 616.994 642.969 657.015 633.016 645.016 666.967 660.967 706.988
704.023 741.997 801.005 835.026 783.006 731.974 755.973 855.001 812.016 861.989 733.033 741.009 909.985 896.01 861.001 957.982 985.016 1035.977 1193.025 1171.991 1131.97 1181.026 1213.988 1235.022 1248.997 1202.977 1292.971 1367.013 1332.003 1226.975 1087.997 1073.033 1022.001 1046.988 1004.002 1133.029 1212.012 1158.015 1189.99 1171.991 1111.007 958.97 781.03 723.01 690.965 644.027 568.997 578.032 538.011 463.969 532.012 534.976 447.029 483.027 587.984 593.984 604.007 600.972 634.993 645.016 634.993 645.016 664.991 680.025 653.98
819.004 811.028 789.994 743.973 861.989 742.985 771.995 767.972 790.982 829.026 896.01 857.966 800.017 842.014 982.969 966.029 1047.976 1163.027 1235.022 1191.966 1147.004 1139.028 1213.988 1262.973 1256.973 1285.983 1358.966 1338.991 1264.031 1131.97 1089.973 1039.012 1004.002 1004.002 1112.983 1254.997 1315.981 1283.018 1111.007 1079.033 955.018 873.988 741.997 703.035 634.993 616.006 586.996 519.024 561.021 484.015 460.017 449.006 449.994 578.032 586.996 593.984 593.984 603.019 624.97 626.029 639.016 670.99 686.025 709.035 740.021
827.968 813.004 782.018 794.017 861.001 789.994 825.003 877.023 939.983 903.986 895.022 900.033 800.017 854.013 871.023 1059.975 1077.974 1189.99 1202.977 1197.965 1169.026 1149.969 1231.987 1265.02 1274.972 1342.026 1295.018 1242.998 1158.015 1111.995 1063.01 1004.002 1004.002 1020.025 1302.993 1315.981 1332.991 1290.006 999.979 991.015 904.974 825.991 687.013 647.98 616.006 608.03 554.034 557.986 564.974 545.987 497.002 443.994 473.992 584.032 579.02 587.984 588.972 599.983 616.994 635.981 642.969 687.013 700. 736.986 740.021
787.029 771.995 857.966 857.966 814.98 837.99 831.991 818.015 867.988 888.034 937.019 910.974 926.008 927.984 1111.995 1073.033 1093.996 1125.97 1110.019 1159.992 1085.032 1147.992 1258.032 1304.97 1363.978 1302.005 1170.014 1139.028 1074.021 1024.966 1006.967 1055.034 1216.035 1326.004 1398.987 1403.01 1300.029 1338.991 998.003 860.012 785.971 717.999 646.992 630.969 622.005 598.007 540.976 596.031 574.009 568.997 441.03 491.003 531.024 542.035 597.019 588.972 588.972 592.996 642.969 668.026 715.034 729.01 769.031 777.995 831.991
740.021 729.01 925.02 845.966 902.998 849.99 869.965 845.966 830.015 876.035 932.996 918.032 980.992 1065.975 1152.016 1091.032 1081.997 1115.03 1103.031 1129.994 1087.997 1182.014 1316.969 1345.979 1324.027 1266.008 1154.98 1079.033 1047.976 1004.002 1092.02 1216.035 1337.015 1374. 1415.009 1386.988 1445.007 1196.977 902.998 779.971 721.034 682.989 646.992 634.993 614.03 593.984 563.986 604.995 582.973 560.033 501.026 479.992 487.968 519.024 597.019 596.031 593.984 598.995 664.003 641.98 725.975 735.009 800.017 811.028 860.012
