dhm1000.asc
NCOLS 385
NROWS 240
XLLCORNER 479900.
YLLCORNER 62100.
CELLSIZE 1000.
NODATA_VALUE -9999.
[rows 28 to 55 of 240, columns 130 to 194 of 385]
240.008 244.032 262.031 264.995 383.01 424.019 296.969 294.005 423.031 355.977 390.986 394.021 405.032 411.032 436.018 444.982 429.031 431.007 444.982 433.971 443.006 408.985 443.994 427.972 424.019 335.014 377.011 515.001 843.99 793.029 766.984 749.973 675.014 695.977 666.967 609.018 670.002 588.972 599.983 529.965 497.002 459.029 455.005 415.973 391.974 382.022 312.992 308.968 313.98 318.003 324.003 313.98 323.014 318.991 320.968 354.989 489.026 395.009 370.023 375.034 379.975 383.01 393.033 431.995 538.011
242.973 242.973 248.972 264.007 350.965 437.995 305.016 293.016 378.987 408.985 421.972 461.005 399.033 400.021 441.03 430.019 412.02 408.985 397.974 414.984 472.016 423.031 389.998 382.022 449.994 365.011 366. 433.971 808.981 771.007 745.032 696.965 700. 660.967 653.98 646.004 620.029 599.983 504.978 533. 444.982 437.006 411.032 415.973 325.979 312.992 308.968 312.992 387.034 312.992 318.991 354.989 363.035 318.991 318.991 332.967 529.965 465.028 449.006 461.993 471.028 557.986 586.008 586.996 642.969
245.02 245.02 246.996 264.007 277.982 342.99 271.983 289.981 460.017 467.993 424.019 394.021 375.034 421.972 402.985 413.008 352.024 355.977 366.988 358.024 365.011 365.011 344.966 365.011 405.032 395.998 335.014 399.033 743.973 729.01 707.976 672.967 529.965 640.004 604.007 573.021 509.001 493.967 483.027 456.982 375.034 342.001 330.002 307.98 310.027 336.002 338.966 363.035 316.027 317.015 314.968 414.984 489.026 415.973 336.99 323.014 358.024 431.995 443.006 504.978 545.987 606.971 562.998 444.982 473.992
248.972 245.02 248.972 258.995 275.018 264.995 280.029 318.991 352.024 371.999 455.005 414.984 342.99 344.966 405.032 411.032 324.003 360. 305.016 269.018 283.982 282.994 282.994 289.981 282.005 342.001 331.979 431.007 664.003 723.01 694.989 656.027 593.984 582.973 549.022 521.001 438.983 443.006 431.995 431.007 336.002 324.991 314.968 308.968 466.016 425.007 407.009 460.017 340.025 318.991 317.015 348.989 515.989 516.977 370.023 340.025 343.978 366. 461.993 552.975 532.012 473.004 417.031 420.984 479.004
254.972 246.996 251.02 253.984 260.972 269.018 284.97 307.98 408.985 473.992 491.003 469.969 449.994 314.968 377.011 381.034 330.002 328.026 276.006 290.97 290.97 294.993 295.981 330.99 288.993 283.982 311.015 348.989 675.014 689.977 621.017 611.983 531.024 510.978 485.991 480.98 438.983 385.975 371.999 379.975 324.003 447.029 435.03 432.983 548.034 472.016 471.028 412.02 346.025 319.979 319.979 317.015 467.993 461.993 427.972 461.993 329.014 342.99 418.02 539.988 432.983 369.035 329.014 348.989 450.982
258.007 248.972 252.996 253.984 260.972 269.018 316.027 375.034 501.026 509.99 501.026 499.967 320.968 318.003 372.987 293.016 289.981 289.981 270.006 294.993 296.969 299.016 330.002 342.99 342.001 287.017 288.993 375.034 451.97 493.967 497.002 497.99 490.015 393.033 430.019 413.996 393.033 370.023 338.966 324.991 310.027 477.027 461.005 496.014 473.992 527.988 479.992 456.982 419.996 346.025 323.014 318.991 474.98 438.983 430.019 467.993 347.013 329.014 329.014 329.014 360.988 340.025 389.998 359.012 338.966
274.03 252.008 254.972 251.02 248.972 248.972 383.998 342.001 326.967 360.988 443.006 426.984 280.029 280.029 277.982 276.006 276.006 269.018 295.981 300.992 308.968 336.002 354.989 348.989 314.968 282.994 288.005 293.016 298.028 288.993 289.981 295.981 306.992 350.965 318.003 313.98 317.015 382.022 347.013 298.028 509.001 544.011 409.973 399.033 490.015 569.985 526.012 467.993 388.022 330.99 329.014 341.013 412.02 400.021 363.035 503.002 484.015 454.017 533.988 521.989 435.03 521.989 485.003 407.009 450.982
276.994 264.007 270.006 268.03 262.031 262.031 257.019 263.019 276.006 312.003 353.012 298.028 276.006 275.018 275.018 264.995 280.029 294.005 300.004 302.969 324.991 323.014 348.989 377.011 320.968 294.005 290.97 294.005 286.029 300.004 299.016 300.992 305.016 305.016 288.993 295.981 326.967 450.982 493.967 384.987 516.977 496.014 401.009 459.029 414.984 582.973 493.967 558.974 484.015 330.99 342.001 354. 413.008 408.985 377.011 508.013 566.033 540.976 552.975 504.978 509.99 490.015 555.022 408.985 556.01
275.018 280.029 277.982 274.03 275.018 272.971 270.006 252.996 266.971 270.995 270.006 259.983 266.971 260.972 282.994 278.97 316.027 313.98 326.967 307.98 347.013 360. 370.023 377.011 469.969 436.018 340.025 347.013 294.993 299.016 302.969 305.016 305.016 306.992 312.992 322.026 423.031 501.026 469.969 397.974 467.993 473.992 413.996 449.006 501.026 468.981 554.034 586.008 441.03 346.025 354.989 355.977 429.031 415.973 381.034 527.988 516.977 569.985 580.008 574.997 471.028 455.005 585.02 495.026 521.989
288.993 325.979 305.016 282.005 276.994 275.018 275.018 260.972 262.031 268.03 258.995 259.983 290.97 295.981 363.035 379.975 400.021 366. 367.976 379.975 444.982 550.999 443.006 367.976 477.027 533. 478.015 341.013 443.994 401.009 359.012 336.99 432.983 414.984 420.984 418.02 376.022 382.022 478.015 504.978 501.026 478.015 493.967 426.984 598.007 576.973 582.973 555.022 408.985 328.026 353.012 355.977 419.996 437.995 412.02 414.984 447.029 507.025 586.996 586.008 503.002 527.988 566.033 592.008 449.006
325.979 359.012 316.027 287.017 347.013 288.993 305.016 289.981 286.029 288.993 292.028 292.028 360. 326.967 361.976 382.022 407.997 437.006 377.999 395.009 390.986 420.984 578.032 594.972 430.019 399.033 502.014 558.974 418.02 466.016 499.967 459.029 344.966 329.014 364.023 468.981 399.033 475.969 653.98 596.031 497.002 543.023 523.965 521.001 582.973 561.021 419.008 556.01 370.023 360. 346.025 369.035 521.989 485.991 567.021 504.978 459.029 415.973 461.005 502.014 509.99 614.03 603.019 614.03 604.995
360. 359.012 298.028 287.017 342.99 379.975 350.965 439.971 328.026 326.967 340.025 301.981 408.985 366.988 337.978 379.975 407.997 467.993 364.023 356.965 491.991 395.998 538.999 591.019 536.035 540.976 405.032 534.976 521.001 472.016 466.016 472.016 414.984 348.001 346.025 449.006 491.003 584.032 529.965 579.02 549.022 622.994 596.031 480.98 437.995 430.019 394.021 383.998 364.023 363.035 331.979 495.026 554.034 564.974 570.974 592.996 503.99 474.98 474.98 462.981 481.968 569.985 624.97 636.969 622.994
366.988 355.977 294.993 278.97 419.008 467.004 390.986 396.986 425.995 377.999 454.017 318.991 413.996 409.973 397.974 381.034 477.027 542.035 426.984 385.975 556.998 485.003 443.994 515.989 629.981 574.009 450.982 431.007 538.999 522.977 515.989 542.035 436.018 365.011 342.99 390.986 504.978 527. 548.034 489.026 509.001 602.03 586.996 591.019 552.975 543.023 419.996 383.01 365.011 427.972 326.967 378.987 496.014 570.974 592.008 603.019 505.966 474.98 454.017 443.994 473.992 453.029 466.016 503.002 562.01
377.999 340.025 296.969 276.006 485.991 592.008 510.978 576.973 550.999 443.006 364.023 336.002 462.981 493.967 515.989 408.985 574.997 449.994 536.035 473.004 567.021 574.997 477.027 550.01 606.971 572.032 509.99 462.981 549.022 640.992 706.988 529.965 373.976 370.023 372.987 375.034 443.994 381.034 425.007 466.016 497.99 622.994 566.033 593.984 542.035 419.008 483.027 373.976 491.991 444.982 326.967 334.025 375.034 435.03 493.967 592.996 527.988 487.968 459.029 468.981 501.026 503.002 472.016 459.029 467.004
336.002 307.98 304.027 284.97 459.029 572.032 533. 658.991 550.999 539.988 509.99 433.971 308.968 407.997 479.004 509.99 614.03 575.985 646.992 527.988 538.011 502.014 734.021 594.972 544.011 509.001 573.021 586.008 690.965 505.966 471.028 449.994 542.035 471.028 555.022 503.99 479.004 475.969 443.994 429.031 467.004 558.974 549.022 582.973 511.966 487.968 449.006 377.999 332.967 340.025 330.002 415.973 393.033 369.035 361.976 349.977 484.015 455.005 564.974 579.02 752.02 776.018 769.031 763.031 706.988
352.024 310.027 305.016 290.97 457.97 599.983 737.974 735.998 567.021 498.979 472.016 454.017 354.989 320.968 430.019 517.966 556.01 449.994 509.99 598.995 533. 447.029 570.974 497.99 654.968 489.026 580.008 686.025 668.026 467.004 435.03 436.018 519.024 473.992 542.035 503.99 421.972 478.015 474.98 460.017 491.991 517.966 570.974 569.985 486.979 400.021 344.966 334.025 361.976 349.977 381.034 414.984 550.01 534.976 462.981 425.995 471.028 652.003 594.972 586.996 581.985 569.985 585.02 569.985 706.988
322.026 312.992 311.015 298.028 448.017 540.976 616.006 682.989 664.991 487.968 448.017 401.997 373.976 394.021 336.002 334.025 384.987 378.987 430.019 513.025 585.02 442.018 456.982 429.031 493.967 540.976 670.99 658.991 646.004 622.994 426.984 581.985 490.015 490.015 525.024 515.989 425.995 487.968 513.025 502.014 534.976 557.986 560.033 497.99 365.011 341.013 337.978 346.025 373.976 411.032 349.977 462.981 548.034 563.986 523.965 407.997 389.998 407.009 448.017 438.983 529.965 527.988 497.002 529.965 575.985
354. 324.003 318.991 384.987 573.021 683.978 664.991 723.998 528.977 442.018 369.035 475.969 342.001 475.969 437.006 401.997 382.022 366. 370.023 413.996 397.974 397.974 439.971 513.025 514.013 459.029 532.012 586.996 634.993 503.99 456.982 520.013 493.967 533. 561.021 586.996 478.015 509.99 511.966 477.027 567.021 740.021 646.992 538.011 349.977 340.025 497.002 456.982 389.998 437.006 363.035 384.987 516.977 485.991 414.984 522.977 389.998 401.009 433.971 473.004 456.982 443.994 454.017 465.028 489.026
682.001 505.966 306.992 349.977 652.992 628.005 706.988 532.012 459.029 496.014 461.005 426.984 366.988 421.972 480.98 515.001 584.032 444.982 418.02 622.005 563.986 569.985 485.003 493.967 614.03 600.972 606.971 599.983 610.006 538.011 599.983 645.016 514.013 485.991 634.993 779.971 574.009 606.971 700.988 694.989 606.971 628.993 515.989 415.973 343.978 367.976 408.985 396.986 385.975 389.01 394.021 394.021 401.997 407.009 442.018 461.005 484.015 397.974 397.974 419.008 413.008 423.031 435.03 429.031 420.984
511.966 388.022 359.012 438.983 620.029 656.027 680.025 646.004 437.995 454.017 473.004 490.015 383.01 504.978 388.022 451.97 590.031 522.977 419.996 617.982 419.996 580.008 606.971 600.972 489.026 561.021 598.995 609.018 658.991 585.02 568.009 813.004 552.975 659.979 614.03 705.011 580.996 623.982 722.022 663.014 510.978 460.017 393.033 396.986 344.966 384.987 463.969 429.031 389.998 394.021 395.998 396.986 405.032 406.02 414.984 447.029 545.987 463.969 379.975 427.972 447.029 513.025 569.985 551.987 480.98
466.016 388.022 453.029 389.998 640.004 624.97 604.995 558.974 465.028 521.989 479.004 492.979 448.017 514.013 445.971 453.029 591.019 505.966 420.984 465.028 592.996 436.018 555.022 605.983 580.008 578.032 574.997 624.97 771.007 646.992 581.985 812.016 658.991 683.978 760.984 645.016 617.982 641.98 581.985 513.025 496.014 539.988 503.99 447.029 348.001 397.974 523.965 466.016 396.986 401.009 401.009 393.033 414.984 409.973 419.008 443.006 657.015 627.017 460.017 409.973 389.998 412.02 461.993 485.003 581.985
558.974 626.029 657.015 593.984 549.022 537.023 606.971 564.974 603.019 517.966 437.006 474.98 437.995 561.021 507.025 519.024 587.984 568.997 443.006 574.997 585.02 564.974 486.979 527. 598.995 496.014 618.97 669.014 728.022 814.98 722.022 819.992 778.983 735.009 727.033 550.01 527.988 731.974 757.031 688.001 654.968 676.002 628.005 536.035 348.001 377.011 575.985 564.974 417.031 406.02 408.985 399.033 405.032 413.996 414.984 425.007 574.009 688.989 622.994 454.017 395.009 394.021 381.034 435.03 563.986
585.02 592.996 560.033 733.033 837.99 734.021 672.967 581.985 656.027 467.004 574.997 642.969 614.03 556.998 533. 520.013 538.011 517.966 472.016 491.991 548.034 556.01 558.974 621.017 622.005 579.02 584.032 653.98 761.972 707.976 733.033 570.974 538.011 498.979 465.028 456.982 401.997 430.019 389.998 395.009 375.034 389.998 356.965 352.024 354. 376.022 365.011 401.997 432.983 423.031 419.008 401.997 350.965 355.977 377.011 411.032 456.982 557.986 662.026 641.98 418.02 397.974 387.034 383.998 385.975
563.986 522.977 558.974 706.988 703.035 727.033 703.035 713.975 638.028 517.966 704.023 668.026 640.004 521.001 491.003 550.01 497.002 554.034 486.979 599.983 544.011 581.985 745.032 743.973 677.978 623.982 670.002 801.005 766.984 680.025 688.989 765.995 471.028 423.031 497.99 485.003 388.022 359.012 360. 359.012 366.988 365.011 360. 366. 379.975 385.975 401.009 406.02 397.974 485.991 491.003 501.026 460.017 383.998 350.965 383.01 402.985 538.999 622.005 704.023 508.013 443.994 399.033 389.998 389.998
560.033 555.022 640.004 611.983 733.033 698.024 666.967 752.02 622.994 521.001 591.019 658.003 748.985 544.011 562.01 666.967 587.984 609.018 521.001 670.99 635.981 523.965 675.014 859.024 692.024 779.971 871.023 743.973 669.014 606.971 600.972 527. 423.031 412.02 486.979 465.028 361.976 364.023 375.034 378.987 378.987 378.987 377.999 385.975 395.009 409.973 399.033 419.996 401.009 427.972 508.013 575.985 521.989 462.981 390.986 354. 407.009 450.982 580.008 699.012 605.983 503.99 424.019 417.031 391.974
591.019 614.03 632.028 640.992 654.968 680.025 665.979 752.02 651.015 527.988 682.989 742.985 546.975 516.977 525.024 731.974 754.984 766.984 678.966 670.002 754.984 580.996 599.983 665.979 773.971 782.018 683.978 588.972 546.975 510.978 481.968 483.027 431.007 389.01 367.976 365.011 383.01 381.034 379.975 385.975 387.034 397.974 393.033 397.974 402.985 407.009 396.986 429.031 407.997 411.032 426.984 489.026 534.976 490.015 418.02 367.976 405.032 420.984 528.977 646.004 634.993 549.022 424.019 455.005 406.02
807.993 719.975 781.03 827.968 801.993 883.023 926.996 981.98 909.985 909.985 843.99 1030.965 729.998 544.011 688.989 813.992 885.987 740.021 695.977 692.024 817.027 843.002 703.035 683.978 736.986 650.027 521.001 475.969 431.007 421.972 461.993 495.026 372.987 372.987 484.015 443.994 413.008 412.02 395.998 389.998 413.996 420.984 449.994 507.025 425.007 419.008 421.972 477.027 455.005 421.972 419.996 421.972 542.035 503.99 455.993 407.997 355.977 356.965 426.984 523.965 628.005 546.975 449.006 457.97 455.993
741.009 642.969 824.015 907.021 801.005 945.983 789.994 921.985 1076.986 1011.978 967.017 1110.019 872.012 600.972 844.978 895.022 847.025 999.979 818.015 707.976 785.971 680.025 622.005 514.013 543.023 575.985 441.03 453.029 407.997 425.995 400.021 394.021 376.022 436.018 466.016 466.016 426.984 402.985 397.974 396.986 449.994 490.015 430.019 461.005 437.006 432.983 467.004 449.006 495.026 461.993 430.019 408.985 513.025 502.014 459.029 431.007 370.023 359.012 366.988 485.003 558.974 479.004 573.021 580.008 515.989
