dhm1000.asc
NCOLS 385
NROWS 240
XLLCORNER 479900.
YLLCORNER 62100.
CELLSIZE 1000.
NODATA_VALUE -9999.
[rows 196 to 223 of 240, columns 195 to 259 of 385]
-9999. -9999. -9999. -9999. -9999. -9999. -9999. -9999. -9999. -9999. -9999. -9999. -9999. -9999. -9999. 903.986 1184.978 1587.021 1308.993 1481.993 1277.019 934.972 650.027 193. 193. 193. 193. 239.02 533.988 716.022 1094.984 1487.992 1340.967 1252.032 1130.982 1600.996 1622.03 1659.016 1535.001 891.987 563.986 431.995 801.005 918.032 937.019 1294.029 1483.969 1589.985 1228.034 1361.013 1188.013 1321.98 1673.979 1622.03 1479.028 926.996 1133.029 1457.994 1345.979 1471.97 1326.992 1642.993 1938.032 2025.979 1592.032
-9999. -9999. -9999. -9999. -9999. -9999. -9999. -9999. -9999. -9999. -9999. -9999. -9999. -9999. -9999. 745.032 1346.967 1483.969 1027.013 1638.97 1278.007 1040.988 515.001 193. 193. 193. 230.974 509.99 760.984 964.97 1332.003 1225.987 903.986 930.031 1136.981 1658.028 1523.99 1237.986 1211.023 604.995 413.008 531.024 990.027 797.97 838.979 1240.033 1330.027 1327.98 1217.023 1101.972 987.98 1158.015 1368.989 1589.985 1368.001 793.029 1083.973 1164.015 1093.008 1161.968 1392.987 1724.023 1593.02 1868.013 1494.98
-9999. -9999. -9999. -9999. -9999. -9999. -9999. -9999. -9999. -9999. -9999. -9999. -9999. -9999. -9999. 481.968 1117.995 1355.013 1022.001 1057.999 1179.967 839.967 491.003 193. 193. 342.001 725.975 928.972 890.01 1047.976 1259.02 927.984 701.976 920.008 1279.983 1773.996 1582.998 1543.965 1101.972 489.026 385.975 498.979 713.975 747.997 688.001 914.997 867. 650.027 818.015 928.972 1093.996 1211.023 1530.978 1390.023 1187.025 1312.028 1028.989 686.025 693.012 1149.969 1427.997 1004.991 1322.969 1671.015 1428.985
-9999. -9999. -9999. -9999. -9999. -9999. -9999. -9999. -9999. -9999. -9999. -9999. -9999. -9999. -9999. 432.983 811.028 925.02 1039.012 611.983 1095.973 888.034 505.966 193. 193. 212.975 592.008 1028.001 1230.998 1171.003 1133.029 782.018 646.992 1046. 1313.016 1527.025 1338.991 1380.988 1194.013 723.01 544.011 361.976 539.988 587.984 693.012 628.005 610.994 1021.013 1140.016 1213.988 1254.997 1368.001 1604.031 1294.029 1135.993 1140.016 1226.975 849.99 646.992 1128.017 1165.003 849.001 1189.001 1486.016 999.979
-9999. -9999. -9999. -9999. -9999. -9999. -9999. -9999. -9999. -9999. -9999. -9999. -9999. -9999. -9999. 549.022 407.009 421.972 503.99 456.982 503.002 713.975 461.993 193. 193. 193. 450.982 851.966 1163.027 1036.965 850.978 537.023 949.018 733.033 920.008 1602.973 1272.007 1035.977 1457.006 746.02 414.984 343.978 402.985 532.012 499.967 611.983 862.977 860.012 1026.024 1179.967 1374.989 1619.983 1656.969 1588.009 1207.988 916.973 1064.986 932.007 639.016 1474.017 998.991 878.999 1273.984 1229.022 1004.991
-9999. -9999. -9999. -9999. -9999. -9999. -9999. -9999. -9999. -9999. -9999. -9999. -9999. -9999. -9999. 956.006 845.966 580.008 658.991 598.995 537.023 268.03 224.974 193. 193. 193. 469.969 731.974 751.032 736.986 496.014 837.002 1086.02 1151.028 975.981 1396.022 1226.975 948.03 1196.977 623.982 383.998 393.033 421.972 611.983 499.967 515.001 552.975 883.023 1123.994 1431.032 1255.985 1497.027 1572.975 1201. 987.98 783.994 942.03 574.009 544.011 897.986 914.009 668.026 787.029 1033.012 777.006
-9999. -9999. -9999. -9999. -9999. -9999. -9999. -9999. -9999. -9999. -9999. -9999. -9999. -9999. -9999. 1027.013 889.022 868.977 1069.998 1147.992 975.981 978.028 890.01 224.974 193. 193. 270.006 358.024 443.994 615.018 961.017 1086.02 1259.02 1342.026 1486.016 931.019 1117.995 817.027 741.997 586.008 332.967 318.991 425.995 570.974 331.979 430.019 615.018 1191.966 1076.986 853.025 832.979 716.022 1105.007 1385.011 1282.03 497.002 324.003 308.968 290.97 276.006 367.976 505.966 639.016 751.032 493.967
-9999. -9999. -9999. -9999. -9999. -9999. -9999. -9999. -9999. -9999. -9999. -9999. -9999. -9999. -9999. 1027.013 1111.007 1098.019 1194.013 1068.021 997.015 980.992 980.004 314.968 193. 193. 199. 676.99 669.014 600.972 677.978 920.008 1217.023 1503.027 1333.979 796.982 817.027 717.999 770.019 554.034 329.014 308.968 407.997 403.974 329.014 480.98 753.008 1206.012 986.004 908.009 493.967 558.974 919.02 1210.035 713.975 270.995 276.994 288.005 282.994 329.014 312.992 358.024 493.967 461.993 432.983
-9999. -9999. -9999. -9999. -9999. -9999. -9999. -9999. -9999. -9999. -9999. -9999. -9999. -9999. -9999. 1230.998 1277.019 1439.008 1017.978 871.023 749.973 727.033 749.973 390.986 193. 193. 193. 417.031 527.988 626.029 554.034 844.978 1057.999 1364.966 980.004 706.988 694.989 663.014 931.019 561.021 294.005 296.969 419.008 335.014 371.999 523.965 986.992 1273.984 974.993 710.023 508.013 441.03 439.971 400.021 276.994 270.995 276.006 394.021 604.995 611.983 522.977 413.008 338.966 383.01 302.969
-9999. -9999. -9999. -9999. -9999. -9999. -9999. -9999. -9999. -9999. -9999. -9999. -9999. -9999. -9999. 1197.965 1300.029 1218.011 1050.023 747.009 520.013 360.988 358.024 193. 193. 193. 193. 216.998 245.02 420.984 437.995 902.01 1135.993 1046.988 918.032 682.989 609.018 861.989 836.014 419.008 288.993 328.026 461.993 289.981 355.977 629.981 1160.98 944.007 457.97 270.995 270.995 -9999. -9999. -9999. -9999. -9999. -9999. -9999. -9999. -9999. -9999. -9999. -9999. -9999. -9999.
-9999. -9999. -9999. -9999. -9999. -9999. -9999. -9999. -9999. -9999. -9999. -9999. -9999. -9999. -9999. 723.01 960.029 1067.033 1231.987 533.988 284.97 193. 193. 193. 193. 193. 193. 305.016 355.977 604.007 399.033 628.993 623.982 520.013 505.966 620.029 538.999 657.015 678.966 280.029 437.006 405.032 354.989 274.03 372.987 682.001 604.995 270.995 270.995 276.994 653.98 -9999. -9999. -9999. -9999. -9999. -9999. -9999. -9999. -9999. -9999. -9999. -9999. -9999. -9999.
-9999. -9999. -9999. -9999. -9999. -9999. -9999. -9999. -9999. -9999. -9999. -9999. -9999. -9999. -9999. 926.996 1044.023 1080.021 1014.025 395.998 193. 193. 193. 193. 193. 193. 193. 294.005 300.004 400.021 396.986 379.975 441.03 427.972 542.035 555.022 426.984 706.988 551.987 276.006 481.968 342.001 352.024 270.995 270.995 270.995 270.995 270.995 361.976 730.986 1049.035 -9999. -9999. -9999. -9999. -9999. -9999. -9999. -9999. -9999. -9999. -9999. -9999. -9999. -9999.
-9999. -9999. -9999. -9999. -9999. -9999. -9999. -9999. -9999. -9999. -9999. -9999. -9999. -9999. -9999. 725.975 950.006 1000.967 796.982 278.97 193. 193. 193. 193. 193. 199.988 200.976 252.008 308.968 282.994 318.991 399.033 282.994 308.968 453.029 684.966 366. 634.005 433.971 270.995 334.025 400.021 316.027 270.995 270.995 272.971 270.995 765.007 862.977 949.018 909.985 -9999. -9999. -9999. -9999. -9999. -9999. -9999. -9999. -9999. -9999. -9999. -9999. -9999. -9999.
-9999. -9999. -9999. -9999. -9999. -9999. -9999. -9999. -9999. -9999. -9999. -9999. -9999. -9999. -9999. 763.031 795.993 867. 654.968 193. 193. 193. 193. 193. 193.988 239.02 278.97 264.007 238.032 305.016 316.027 287.017 270.995 270.006 276.994 709.035 400.021 378.987 356.965 270.995 467.004 318.003 376.022 270.995 270.995 369.035 700.988 1058.987 896.01 776.018 717.011 -9999. -9999. -9999. -9999. -9999. -9999. -9999. -9999. -9999. -9999. -9999. -9999. -9999. -9999.
-9999. -9999. -9999. -9999. -9999. -9999. -9999. -9999. -9999. -9999. -9999. -9999. -9999. -9999. -9999. 783.006 749.973 592.996 269.018 193. 193. 193. 193. 193. 299.016 342.001 449.994 235.985 520.013 580.008 807.004 669.014 746.02 753.008 520.013 383.01 270.995 277.982 270.995 539.988 418.02 360. 598.995 270.995 280.029 620.029 1172.979 1075.009 855.989 936.031 950.006 -9999. -9999. -9999. -9999. -9999. -9999. -9999. -9999. -9999. -9999. -9999. -9999. -9999. -9999.
-9999. -9999. -9999. -9999. -9999. -9999. -9999. -9999. -9999. -9999. -9999. -9999. -9999. -9999. -9999. 623.982 747.009 336.002 193. 193. 193. 193. 193. 278.97 341.013 544.999 460.017 217.986 444.982 485.003 687.013 811.028 906.033 676.99 519.024 284.97 270.995 491.991 271.983 582.973 308.968 405.032 632.028 270.995 336.002 665.979 900.033 773.971 1018.966 939.983 1071.974 -9999. -9999. -9999. -9999. -9999. -9999. -9999. -9999. -9999. -9999. -9999. -9999. -9999. -9999.
-9999. -9999. -9999. -9999. -9999. -9999. -9999. -9999. -9999. -9999. -9999. -9999. -9999. -9999. -9999. 648.968 483.027 257.019 193. 193. 193. 193. 229.986 294.993 418.02 665.979 523.965 234.997 265.983 431.007 391.974 778.983 888.034 666.967 499.967 307.98 289.981 272.971 272.971 460.017 283.982 567.021 525.024 270.995 483.027 650.027 580.008 1023.978 1229.022 1159.003 1241.021 -9999. -9999. -9999. -9999. -9999. -9999. -9999. -9999. -9999. -9999. -9999. -9999. -9999. -9999.
-9999. -9999. -9999. -9999. -9999. -9999. -9999. -9999. -9999. -9999. -9999. -9999. -9999. -9999. -9999. 430.019 244.032 193. 193. 193. 193. 268.03 290.97 407.009 648.968 942.03 573.021 312.992 240.997 286.029 349.977 511.966 653.98 573.021 490.015 478.015 443.994 448.017 335.014 375.034 558.974 725.975 334.025 270.995 459.029 528.977 628.993 1169.026 1253.021 1261.984 1248.009 -9999. -9999. -9999. -9999. -9999. -9999. -9999. -9999. -9999. -9999. -9999. -9999. -9999. -9999.
-9999. -9999. -9999. -9999. -9999. -9999. -9999. -9999. -9999. -9999. -9999. -9999. -9999. -9999. -9999. 198.011 193. 193. 193. 215.022 259.983 383.01 435.03 672.967 806.016 644.027 646.004 491.003 360. 239.02 311.015 471.028 457.97 475.969 604.995 713.975 669.014 740.021 274.03 624.97 729.998 405.032 270.995 270.995 276.994 485.991 570.974 1154.98 1604.031 1267.984 1011.978 -9999. -9999. -9999. -9999. -9999. -9999. -9999. -9999. -9999. -9999. -9999. -9999. -9999. -9999.
-9999. -9999. -9999. -9999. -9999. -9999. -9999. -9999. -9999. -9999. -9999. -9999. -9999. -9999. -9999. 196.035 193. 193. 193. 486.979 669.014 958.97 830.015 706.988 1002.026 1041.976 980.992 646.004 395.009 276.994 290.97 432.983 425.995 498.979 628.005 820.98 765.007 761.972 307.98 311.015 445.971 270.995 294.005 453.029 270.995 283.982 437.995 1447.972 1501.968 1378.024 969.981 1175.026 896.998 -9999. -9999. -9999. -9999. -9999. -9999. -9999. -9999. -9999. -9999. -9999. -9999.
-9999. -9999. -9999. -9999. -9999. -9999. -9999. -9999. -9999. -9999. -9999. -9999. -9999. -9999. -9999. 193.988 193. 193. 344.966 879.988 800.017 999.979 1127.029 729.998 690.965 954.029 769.031 527. 299.016 258.995 316.027 573.021 544.011 510.978 779.971 981.98 819.004 723.01 496.014 271.983 270.995 270.995 499.967 795.993 300.992 270.995 407.997 1417.974 1057.999 1070.986 735.009 984.027 957.982 -9999. -9999. -9999. -9999. -9999. -9999. -9999. -9999. -9999. -9999. -9999. -9999.
-9999. -9999. -9999. -9999. -9999. -9999. -9999. -9999. -9999. -9999. -9999. -9999. -9999. -9999. -9999. -9999. -9999. -9999. -9999. -9999. -9999. -9999. -9999. -9999. -9999. -9999. -9999. -9999. -9999. -9999. -9999. -9999. -9999. 449.994 723.998 789.006 820.98 578.032 481.968 270.995 272.971 531.024 718.987 725.975 282.994 270.006 540.976 1117.006 991.015 992.991 741.009 1000.967 1131.97 1332.003 1020.025 1123.006 618.97 199. 199. 543.023 688.989 1000.967 1079.033 1369.977 1397.01
-9999. -9999. -9999. -9999. -9999. -9999. -9999. -9999. -9999. -9999. -9999. -9999. -9999. -9999. -9999. -9999. -9999. -9999. -9999. -9999. -9999. -9999. -9999. -9999. -9999. -9999. -9999. -9999. -9999. -9999. -9999. -9999. -9999. 455.993 799.028 606.971 543.023 409.973 350.965 443.006 614.03 717.011 618.97 728.022 283.982 379.975 1091.032 956.994 1075.009 817.027 569.985 814.98 767.972 771.007 1140.016 1117.995 980.004 413.996 199. 707.976 716.022 693.012 747.009 986.004 1010.002
-9999. -9999. -9999. -9999. -9999. -9999. -9999. -9999. -9999. -9999. -9999. -9999. -9999. -9999. -9999. -9999. -9999. -9999. -9999. -9999. -9999. -9999. -9999. -9999. -9999. -9999. -9999. -9999. -9999. -9999. -9999. -9999. -9999. 540.976 629.981 769.031 515.989 331.979 295.981 562.998 733.033 994.968 696.965 610.994 299.016 402.985 868.977 968.993 1057.999 799.028 521.001 603.019 735.009 932.007 1004.991 1062.022 975.981 603.019 199. 698.024 1089.973 1076.986 934.972 1148.981 1104.019
-9999. -9999. -9999. -9999. -9999. -9999. -9999. -9999. -9999. -9999. -9999. -9999. -9999. -9999. -9999. -9999. -9999. -9999. -9999. -9999. -9999. -9999. -9999. -9999. -9999. -9999. -9999. -9999. -9999. -9999. -9999. -9999. -9999. 728.022 485.003 733.033 388.022 350.965 336.99 657.015 824.015 759.996 705.011 612.971 334.025 294.993 688.989 1028.001 873.988 612.971 677.978 915.985 894.034 898.974 1077.974 823.027 1004.002 435.03 199. 573.021 945.983 1328.968 1004.991 1141.993 1170.014
-9999. -9999. -9999. -9999. -9999. -9999. -9999. -9999. -9999. -9999. -9999. -9999. -9999. -9999. -9999. -9999. -9999. -9999. -9999. -9999. -9999. -9999. -9999. -9999. -9999. -9999. -9999. -9999. -9999. -9999. -9999. -9999. -9999. 719.975 475.969 879.988 474.98 342.001 330.002 575.985 611.983 561.021 579.02 582.973 472.016 305.016 460.017 1004.991 684.966 527. 740.021 1153.992 1147.004 1026.024 1059.975 544.011 431.995 199. 199. 554.034 1153.992 1301.017 1099.996 1087.997 922.973
-9999. -9999. -9999. -9999. -9999. -9999. -9999. -9999. -9999. -9999. -9999. -9999. -9999. -9999. -9999. -9999. -9999. -9999. -9999. -9999. -9999. -9999. -9999. -9999. -9999. -9999. -9999. -9999. -9999. -9999. -9999. -9999. -9999. 646.992 484.015 578.032 352.024 366. 389.01 437.006 459.029 467.993 439.971 344.966 323.014 346.025 437.006 466.016 479.992 604.995 877.023 968.005 777.995 860.012 543.023 199. 199. 199. 199. 523.965 633.016 871.023 1121.03 1101.972 926.008
-9999. -9999. -9999. -9999. -9999. -9999. -9999. -9999. -9999. -9999. -9999. -9999. -9999. -9999. -9999. -9999. -9999. -9999. -9999. -9999. -9999. -9999. -9999. -9999. -9999. -9999. -9999. -9999. -9999. -9999. -9999. -9999. -9999. 499.967 561.021 388.022 377.999 365.011 356.965 401.997 419.996 426.984 365.011 340.025 338.966 338.966 349.977 358.024 342.001 539.988 674.025 662.026 640.004 588.972 214.034 199. 533. 439.971 438.983 511.966 789.006 1016.99 1127.029 927.984 628.993
