dhm/dhm1000.asc
ncols         385
nrows         240
xllcorner     479900
yllcorner     62100
cellsize      1000
NODATA_value  -9999
[rows 39 to 77 of 240, columns 264 to 351 of 385]
551 538 489 456 437 415 400 404 397 396 396 396 396 396 396 396 396 396 396 396 396 396 396 396 396 396 399 401 408 406 499 596 764 657 517 445 520 526 658 698 680 578 583 699 701 670 987 1205 1268 1266 1365 1385 -9999 -9999 -9999 -9999 -9999 -9999 -9999 -9999 -9999 -9999 -9999 -9999 -9999 -9999 -9999 -9999 -9999 -9999 -9999 -9999 -9999 -9999 -9999 -9999 -9999 -9999 -9999 -9999 -9999 -9999 -9999 -9999 -9999 -9999 -9999 -9999
561 558 539 525 510 469 436 420 406 406 396 396 396 396 396 396 397 397 396 396 397 398 398 396 399 397 400 404 407 410 414 546 540 550 508 618 671 606 550 584 518 583 709 709 757 722 1092 1146 1268 1463 1402 1249 -9999 -9999 -9999 -9999 -9999 -9999 -9999 -9999 -9999 -9999 -9999 -9999 -9999 -9999 -9999 -9999 -9999 -9999 -9999 -9999 -9999 -9999 -9999 -9999 -9999 -9999 -9999 -9999 -9999 -9999 -9999 -9999 -9999 -9999 -9999 -9999
576 583 573 568 540 500 442 460 429 415 396 396 396 396 396 400 404 397 398 396 399 397 397 396 397 396 400 403 404 411 418 422 479 428 681 827 769 708 484 587 630 636 678 751 876 762 941 1189 1239 1170 1103 986 -9999 -9999 -9999 -9999 -9999 -9999 -9999 -9999 -9999 -9999 -9999 -9999 -9999 -9999 -9999 -9999 -9999 -9999 -9999 -9999 -9999 -9999 -9999 -9999 -9999 -9999 -9999 -9999 -9999 -9999 -9999 -9999 -9999 -9999 -9999 -9999
601 580 593 590 580 552 537 511 501 481 458 468 512 555 637 609 454 419 399 399 399 401 400 399 399 400 399 401 403 408 413 506 632 745 872 909 778 692 700 620 533 548 690 738 872 861 790 790 806 801 1069 1254 -9999 -9999 -9999 -9999 -9999 -9999 -9999 -9999 -9999 -9999 -9999 -9999 -9999 -9999 -9999 -9999 -9999 -9999 -9999 -9999 -9999 -9999 -9999 -9999 -9999 -9999 -9999 -9999 -9999 -9999 -9999 -9999 -9999 -9999 -9999 -9999
641 606 595 596 604 613 575 535 515 547 609 617 686 739 595 543 540 519 516 436 405 397 402 400 400 400 401 402 403 404 417 419 537 692 855 863 696 710 781 769 632 570 654 735 724 723 636 807 908 1025 990 1019 -9999 -9999 -9999 -9999 -9999 -9999 -9999 -9999 -9999 -9999 -9999 -9999 -9999 -9999 -9999 -9999 -9999 -9999 -9999 -9999 -9999 -9999 -9999 -9999 -9999 -9999 -9999 -9999 -9999 -9999 -9999 -9999 -9999 -9999 -9999 -9999
679 620 609 643 635 619 605 495 582 629 715 794 925 831 699 698 664 727 639 616 593 484 402 400 400 401 402 402 404 405 414 422 468 598 726 661 703 728 984 882 761 558 660 673 641 664 829 687 994 1121 949 941 -9999 -9999 -9999 -9999 -9999 -9999 -9999 -9999 -9999 -9999 -9999 -9999 -9999 -9999 -9999 -9999 -9999 -9999 -9999 -9999 -9999 -9999 -9999 -9999 -9999 -9999 -9999 -9999 -9999 -9999 -9999 -9999 -9999 -9999 -9999 -9999
692 639 670 783 677 677 548 616 700 817 864 926 880 828 795 764 798 760 798 797 636 635 467 401 405 402 403 403 404 406 412 423 497 628 675 711 804 877 1120 1035 854 639 636 664 723 829 1046 940 780 769 1014 958 -9999 -9999 -9999 -9999 -9999 -9999 -9999 -9999 -9999 -9999 -9999 -9999 -9999 -9999 -9999 -9999 -9999 -9999 -9999 -9999 -9999 -9999 -9999 -9999 -9999 -9999 -9999 -9999 -9999 -9999 -9999 -9999 -9999 -9999 -9999 -9999
631 623 735 669 652 671 691 594 674 708 952 1023 1078 1008 905 868 949 803 824 729 571 454 402 403 403 403 406 408 411 413 419 440 539 782 988 1114 1130 1043 790 700 640 551 571 678 735 748 854 963 1027 987 979 901 -9999 -9999 -9999 -9999 -9999 -9999 -9999 -9999 -9999 -9999 -9999 -9999 -9999 -9999 -9999 -9999 -9999 -9999 -9999 -9999 -9999 -9999 -9999 -9999 -9999 -9999 -9999 -9999 -9999 -9999 -9999 -9999 -9999 -9999 -9999 -9999
602 566 685 657 697 781 720 735 790 722 935 931 930 1005 955 940 856 827 668 519 438 410 403 404 404 403 408 410 414 420 426 447 653 930 1140 1148 1066 939 724 618 642 557 593 690 829 876 928 1028 1098 1072 1064 1004 -9999 -9999 -9999 -9999 -9999 -9999 -9999 -9999 -9999 -9999 -9999 -9999 -9999 -9999 -9999 -9999 -9999 -9999 -9999 -9999 -9999 -9999 -9999 -9999 -9999 -9999 -9999 -9999 -9999 -9999 -9999 -9999 -9999 -9999 -9999 -9999
571 668 692 769 839 901 855 890 882 711 821 927 1021 1066 994 918 884 822 756 687 555 448 404 405 406 404 408 411 418 424 438 463 639 954 1158 1234 1176 1035 710 708 605 568 625 735 944 1095 1073 1259 1213 1252 1217 1189 -9999 -9999 -9999 -9999 -9999 -9999 -9999 -9999 -9999 -9999 -9999 -9999 -9999 -9999 -9999 -9999 -9999 -9999 -9999 -9999 -9999 -9999 -9999 -9999 -9999 -9999 -9999 -9999 -9999 -9999 -9999 -9999 -9999 -9999 -9999 -9999
632 677 761 795 827 880 970 949 894 776 853 913 963 957 1102 1064 1010 941 656 537 453 409 405 410 404 405 409 414 420 427 445 542 627 694 1091 1287 1289 1060 653 578 573 618 748 1014 1143 1482 1421 1740 1622 1473 1470 1298 -9999 -9999 -9999 -9999 -9999 -9999 -9999 -9999 -9999 -9999 -9999 -9999 -9999 -9999 -9999 -9999 -9999 -9999 -9999 -9999 -9999 -9999 -9999 -9999 -9999 -9999 -9999 -9999 -9999 -9999 -9999 -9999 -9999 -9999 -9999 -9999
628 753 856 916 981 903 885 971 976 994 1034 979 977 1013 796 722 587 510 413 407 407 407 405 408 406 409 409 411 416 423 469 597 551 510 865 1093 1342 1283 618 761 730 747 725 726 798 961 1154 1276 1413 1576 1330 1277 -9999 -9999 -9999 -9999 -9999 -9999 -9999 -9999 -9999 -9999 -9999 -9999 -9999 -9999 -9999 -9999 -9999 -9999 -9999 -9999 -9999 -9999 -9999 -9999 -9999 -9999 -9999 -9999 -9999 -9999 -9999 -9999 -9999 -9999 -9999 -9999
722 711 840 856 844 832 959 972 1102 1072 1077 1145 1053 899 659 559 461 419 410 410 408 408 406 407 408 409 409 412 418 425 572 892 828 654 820 928 1085 1270 924 752 624 646 650 668 823 901 1207 1354 1296 1314 1255 1218 -9999 -9999 -9999 -9999 -9999 -9999 -9999 -9999 -9999 -9999 -9999 -9999 -9999 -9999 -9999 -9999 -9999 -9999 -9999 -9999 -9999 -9999 -9999 -9999 -9999 -9999 -9999 -9999 -9999 -9999 -9999 -9999 -9999 -9999 -9999 -9999
795 704 715 823 801 893 949 999 929 1037 1165 1122 904 715 553 463 437 421 413 410 409 409 409 408 408 410 409 414 419 735 927 1342 1077 645 881 1040 1138 1299 1226 1207 1166 883 765 804 874 922 819 829 948 963 1056 1029 -9999 -9999 -9999 -9999 -9999 -9999 -9999 -9999 -9999 -9999 -9999 -9999 -9999 -9999 -9999 -9999 -9999 -9999 -9999 -9999 -9999 -9999 -9999 -9999 -9999 -9999 -9999 -9999 -9999 -9999 -9999 -9999 -9999 -9999 -9999 -9999
789 735 800 817 815 799 894 877 1014 1116 1054 1080 1009 909 510 484 436 421 413 410 410 410 409 409 409 409 412 418 654 813 1123 1252 917 772 1011 1233 1298 1308 1204 1023 984 659 682 659 668 688 879 1094 1297 1263 1403 1240 -9999 -9999 -9999 -9999 -9999 -9999 -9999 -9999 -9999 -9999 -9999 -9999 -9999 -9999 -9999 -9999 -9999 -9999 -9999 -9999 -9999 -9999 -9999 -9999 -9999 -9999 -9999 -9999 -9999 -9999 -9999 -9999 -9999 -9999 -9999 -9999
799 735 800 883 853 1013 1013 890 937 924 958 947 890 732 463 434 424 420 412 413 413 413 412 410 410 410 458 597 834 1027 1432 1265 1026 906 1154 1313 1478 1719 1369 1218 1134 684 1032 861 779 743 748 912 1206 1517 1354 1534 -9999 -9999 -9999 -9999 -9999 -9999 -9999 -9999 -9999 -9999 -9999 -9999 -9999 -9999 -9999 -9999 -9999 -9999 -9999 -9999 -9999 -9999 -9999 -9999 -9999 -9999 -9999 -9999 -9999 -9999 -9999 -9999 -9999 -9999 -9999 -9999
944 825 729 780 864 911 1037 964 906 913 1007 1008 964 793 460 435 428 423 414 415 417 413 413 413 414 412 615 939 987 1299 1054 975 981 1038 1475 1542 1673 1471 1121 909 762 709 687 701 713 779 782 956 1096 1201 1448 1539 -9999 -9999 -9999 -9999 -9999 -9999 -9999 -9999 -9999 -9999 -9999 -9999 -9999 -9999 -9999 -9999 -9999 -9999 -9999 -9999 -9999 -9999 -9999 -9999 -9999 -9999 -9999 -9999 -9999 -9999 -9999 -9999 -9999 -9999 -9999 -9999
976 969 814 729 763 822 965 928 972 996 1162 1047 836 750 489 442 432 423 415 418 418 413 413 418 428 447 1150 1108 1186 1461 1103 959 1180 1283 1352 1505 1621 1187 813 886 961 885 748 888 1068 1239 1286 782 989 1583 1200 1645 -9999 -9999 -9999 -9999 -9999 -9999 -9999 -9999 -9999 -9999 -9999 -9999 -9999 -9999 -9999 -9999 -9999 -9999 -9999 -9999 -9999 -9999 -9999 -9999 -9999 -9999 -9999 -9999 -9999 -9999 -9999 -9999 -9999 -9999 -9999 -9999
1260 1107 1056 887 786 799 876 934 996 984 1018 925 724 585 470 447 435 427 418 419 482 598 423 440 520 550 874 1091 1380 1534 1115 992 1224 1477 1699 1384 1397 1337 1047 1274 1434 1312 1190 1634 1825 1836 1487 909 804 1074 1073 1420 -9999 -9999 -9999 -9999 -9999 -9999 -9999 -9999 -9999 -9999 -9999 -9999 -9999 -9999 -9999 -9999 -9999 -9999 -9999 -9999 -9999 -9999 -9999 -9999 -9999 -9999 -9999 -9999 -9999 -9999 -9999 -9999 -9999 -9999 -9999 -9999
966 892 903 938 950 812 790 825 874 969 1067 1071 979 802 596 502 593 419 418 420 418 423 452 540 569 766 1059 1061 1246 1470 1557 1182 1339 1585 1374 1295 1110 1099 1390 1469 1669 1470 1594 1759 1859 1720 966 889 938 870 825 847 -9999 -9999 -9999 -9999 -9999 -9999 -9999 -9999 -9999 -9999 -9999 -9999 -9999 -9999 -9999 -9999 -9999 -9999 -9999 -9999 -9999 -9999 -9999 -9999 -9999 -9999 -9999 -9999 -9999 -9999 -9999 -9999 -9999 -9999 -9999 -9999
884 963 973 1009 1078 1004 809 820 911 1034 1316 1283 1130 912 854 583 447 419 418 420 421 427 564 581 607 730 774 1099 1203 1120 1268 1320 1329 1583 1254 1401 1124 1266 1659 1697 2009 1962 1831 1765 1714 1528 917 1334 1357 1254 863 855 -9999 -9999 -9999 -9999 -9999 -9999 -9999 -9999 -9999 -9999 -9999 -9999 -9999 -9999 -9999 -9999 -9999 -9999 -9999 -9999 -9999 -9999 -9999 -9999 -9999 -9999 -9999 -9999 -9999 -9999 -9999 -9999 -9999 -9999 -9999 -9999
961 1075 1090 1045 1110 1200 982 812 932 1040 1283 1303 1209 1152 657 644 438 437 420 424 428 430 448 467 507 606 1110 897 858 881 1269 1371 1545 1545 1610 1637 1150 1564 1882 1968 1885 1739 1646 1562 1630 1407 1171 1581 1662 1376 1396 1152 -9999 -9999 -9999 -9999 -9999 -9999 -9999 -9999 -9999 -9999 -9999 -9999 -9999 -9999 -9999 -9999 -9999 -9999 -9999 -9999 -9999 -9999 -9999 -9999 -9999 -9999 -9999 -9999 -9999 -9999 -9999 -9999 -9999 -9999 -9999 -9999
1045 1111 1259 1223 1321 1124 905 837 859 958 1118 1174 1339 1326 723 670 428 422 423 427 431 436 450 465 522 685 708 788 1020 1051 1035 1167 1248 1706 1619 1426 1365 1610 1861 1714 1672 1477 1876 1753 1424 1328 1436 1854 1645 1362 1788 1522 -9999 -9999 -9999 -9999 -9999 -9999 -9999 -9999 -9999 -9999 -9999 -9999 -9999 -9999 -9999 -9999 -9999 -9999 -9999 -9999 -9999 -9999 -9999 -9999 -9999 -9999 -9999 -9999 -9999 -9999 -9999 -9999 -9999 -9999 -9999 -9999
1539 1399 1043 944 1036 1122 1222 859 1040 998 1192 1632 1522 1102 533 433 424 428 427 429 433 439 458 471 490 531 889 885 1013 1126 1254 1302 1563 1529 1533 1688 1751 1788 1790 1742 1653 1579 1323 1303 1317 1600 1464 1820 1849 1546 1939 1631 -9999 -9999 -9999 -9999 -9999 -9999 -9999 -9999 -9999 -9999 -9999 -9999 -9999 -9999 -9999 -9999 -9999 -9999 -9999 -9999 -9999 -9999 -9999 -9999 -9999 -9999 -9999 -9999 -9999 -9999 -9999 -9999 -9999 -9999 -9999 -9999
1258 1098 1130 1141 1317 1620 1031 999 1367 1421 1328 1569 1188 877 427 429 429 429 429 429 434 440 459 472 490 599 1014 1149 1239 1179 1490 1497 1593 1592 1398 1560 1719 1767 1614 1457 1534 1577 1671 1463 1763 1761 1423 1743 2162 1826 2025 2173 -9999 -9999 -9999 -9999 -9999 -9999 -9999 -9999 -9999 -9999 -9999 -9999 -9999 -9999 -9999 -9999 -9999 -9999 -9999 -9999 -9999 -9999 -9999 -9999 -9999 -9999 -9999 -9999 -9999 -9999 -9999 -9999 -9999 -9999 -9999 -9999
1238 1208 1154 1411 1872 1620 1215 1396 1668 1439 1485 1193 1050 489 436 428 429 431 428 435 436 439 457 464 561 578 944 903 1100 1268 1339 1329 1461 1756 1245 1475 1426 1721 1482 1328 1602 1994 1579 1396 1653 1843 1705 1892 2104 2068 1664 1970 -9999 -9999 -9999 -9999 -9999 -9999 -9999 -9999 -9999 -9999 -9999 -9999 -9999 -9999 -9999 -9999 -9999 -9999 -9999 -9999 -9999 -9999 -9999 -9999 -9999 -9999 -9999 -9999 -9999 -9999 -9999 -9999 -9999 -9999 -9999 -9999
1360 1354 1613 1855 1442 1140 1544 1629 1289 1228 1386 1024 624 481 429 430 429 433 439 438 439 441 452 478 562 650 695 730 857 975 1056 1237 1291 1404 1131 1261 1292 1455 1811 1492 1236 1763 1659 1431 1390 1500 1982 1613 1678 1646 1478 1619 -9999 -9999 -9999 -9999 -9999 -9999 -9999 -9999 -9999 -9999 -9999 -9999 -9999 -9999 -9999 -9999 -9999 -9999 -9999 -9999 -9999 -9999 -9999 -9999 -9999 -9999 -9999 -9999 -9999 -9999 -9999 -9999 -9999 -9999 -9999 -9999
1762 2221 1686 1682 1562 1794 1588 1468 1797 1452 582 508 449 437 432 430 431 433 449 448 612 456 747 517 495 692 1030 1215 1241 1184 1227 1191 1373 1268 1485 1817 1683 1759 1539 1376 1063 1493 1250 1007 907 1111 872 890 1003 1000 1507 1294 -9999 -9999 -9999 -9999 -9999 -9999 -9999 -9999 -9999 -9999 -9999 -9999 -9999 -9999 -9999 -9999 -9999 -9999 -9999 -9999 -9999 -9999 -9999 -9999 -9999 -9999 -9999 -9999 -9999 -9999 -9999 -9999 -9999 -9999 -9999 -9999
2109 2315 1732 1716 1923 1576 1859 1566 1388 965 458 446 447 438 432 432 432 471 473 447 511 458 614 499 490 770 917 1138 1494 1496 1591 1559 1653 1512 1893 1515 1689 1422 1631 1554 1029 1139 891 790 799 909 1271 1061 1554 1057 2064 1775 -9999 -9999 -9999 -9999 -9999 -9999 -9999 -9999 -9999 -9999 -9999 -9999 -9999 -9999 -9999 -9999 -9999 -9999 -9999 -9999 -9999 -9999 -9999 -9999 -9999 -9999 -9999 -9999 -9999 -9999 -9999 -9999 -9999 -9999 -9999 -9999
1801 2038 2344 2110 1828 1896 1702 1162 805 650 440 441 438 436 433 438 470 638 452 501 483 561 557 559 693 646 792 937 1253 1304 1506 1740 1761 1782 1490 1560 1313 1197 1240 1192 1092 918 952 1071 1080 1413 1330 1230 1794 1378 1797 2041 -9999 -9999 -9999 -9999 -9999 -9999 -9999 -9999 -9999 -9999 -9999 -9999 -9999 -9999 -9999 -9999 -9999 -9999 -9999 -9999 -9999 -9999 -9999 -9999 -9999 -9999 -9999 -9999 -9999 -9999 -9999 -9999 -9999 -9999 -9999 -9999
1450 1591 2100 2017 1980 1894 1193 962 789 561 441 437 435 436 494 543 618 542 467 548 528 477 469 558 521 488 627 663 822 919 1202 1361 1536 1523 1371 1162 1018 1029 907 841 760 763 1322 1404 1347 1521 1292 1391 2008 1560 1772 2030 -9999 -9999 -9999 -9999 -9999 -9999 -9999 -9999 -9999 -9999 -9999 -9999 -9999 -9999 -9999 -9999 -9999 -9999 -9999 -9999 -9999 -9999 -9999 -9999 -9999 -9999 -9999 -9999 -9999 -9999 -9999 -9999 -9999 -9999 -9999 -9999
1314 1636 1461 1838 1558 1368 934 764 582 476 441 439 437 439 532 480 453 443 551 850 782 707 517 481 478 480 488 554 580 611 768 806 698 730 783 653 726 885 979 790 1212 1458 1857 1910 1826 1702 1508 1386 1805 1997 2169 2328 -9999 -9999 -9999 -9999 -9999 -9999 -9999 -9999 -9999 -9999 -9999 -9999 -9999 -9999 -9999 -9999 -9999 -9999 -9999 -9999 -9999 -9999 -9999 -9999 -9999 -9999 -9999 -9999 -9999 -9999 -9999 -9999 -9999 -9999 -9999 -9999
1302 1333 1465 1283 1263 1284 967 723 531 478 442 437 439 439 444 440 446 467 825 1296 1234 845 619 563 499 497 489 495 503 549 617 658 696 684 627 870 1069 1170 1276 1005 1022 1240 1368 1272 1276 1311 1609 1597 1553 1599 2057 2243 -9999 -9999 -9999 -9999 -9999 -9999 -9999 -9999 -9999 -9999 -9999 -9999 -9999 -9999 -9999 -9999 -9999 -9999 -9999 -9999 -9999 -9999 -9999 -9999 -9999 -9999 -9999 -9999 -9999 -9999 -9999 -9999 -9999 -9999 -9999 -9999
1144 1145 1085 1098 1119 1122 880 701 505 460 442 440 442 440 439 439 452 579 1262 1225 841 648 909 788 668 550 490 495 499 535 521 532 539 553 643 882 1094 1524 1631 1477 1206 921 1039 1254 1358 1394 1725 1707 2092 2108 2074 2062 1965 1796 1600 1685 1879 2049 1664 1884 2158 2024 1733 2061 2289 2244 2189 2068 2159 2392 1632 1744 2170 2331 2128 1763 1846 1947 2536 2450 2238 2219 2397 2490 2570 2171 2370 -9999
1006 1031 1023 971 925 921 680 634 488 462 442 442 448 440 440 444 515 763 1598 1342 870 849 1119 919 762 707 545 496 507 503 518 528 538 546 549 742 1050 1276 1853 1784 1501 1270 1472 1712 1756 1457 2038 1952 1883 2200 2305 2113 1874 1705 1662 2133 2481 2292 1850 2184 2335 2063 1732 1928 1955 1977 2206 2441 2656 2351 1552 1887 2067 2263 2312 2190 2290 2224 2313 2019 2364 2450 2076 2396 2360 2060 2604 -9999
1191 1366 1389 1386 1312 1226 853 676 498 461 444 443 447 444 461 517 919 1271 1766 1283 883 1092 1632 1370 1170 1053 684 727 635 594 528 517 521 531 536 549 692 974 1035 1338 1772 1707 2010 2042 1948 1903 2008 2174 2142 1944 1866 1949 1988 2332 2018 1742 2140 2244 2032 2262 2440 2330 1958 1730 2080 2438 2655 2172 1928 1892 2224 2219 2199 2369 2066 1906 1760 1904 1982 1495 1769 1873 1640 2213 2357 2393 2590 -9999
1576 1585 1486 1376 1304 1201 841 622 566 466 444 445 448 446 490 582 847 1422 1793 1370 822 1402 1546 1399 1305 1468 900 893 1023 940 891 809 529 529 542 546 590 664 1193 1350 1618 1700 1563 1524 1526 1901 2062 2134 2057 2045 2022 2060 2066 2179 2100 1866 1791 1922 2084 2155 2304 2501 2020 1758 2099 2476 2701 2424 2387 2523 2395 2218 2029 1876 1609 1652 1454 1469 1384 1252 1225 1303 1428 1609 1925 2010 1958 -9999
1755 1790 1499 1344 1217 1051 1023 948 654 519 449 448 450 448 552 720 1234 1704 1510 1092 1030 1346 1692 1349 1476 1577 1218 871 1243 1511 1572 1205 970 821 787 567 561 598 872 994 1129 1134 892 1026 1140 1397 1597 1922 2037 1871 2120 2271 1785 1929 2038 2199 1836 1825 2339 2164 2549 2481 2037 1747 2099 2443 2341 2440 2512 2285 1871 1674 1741 1599 1445 1338 1239 1216 1203 1249 1308 1351 1282 1494 1751 1766 1857 -9999
1947 1896 1488 1222 1184 1284 1345 908 842 869 465 448 449 449 592 767 1104 1850 1166 919 1394 1482 1689 1730 1557 1423 1239 917 1105 1398 1651 1393 1190 1101 708 599 558 559 587 725 842 810 746 736 783 897 1585 1888 1965 1492 1953 1816 1435 1835 1951 1862 1873 1765 1897 2222 2179 1888 1693 1530 1901 1940 2237 2247 2197 2015 1937 1613 1380 1270 1218 1241 1275 1324 1611 1715 1740 1740 1101 1349 1470 1474 1644 -9999
