dhm/dhm1000.asc
ncols         385
nrows         240
xllcorner     479900
yllcorner     62100
cellsize      1000
NODATA_value  -9999
[rows 78 to 116 of 240, columns 176 to 263 of 385]
691 712 723 725 720 718 614 531 472 495 518 519 527 512 502 491 448 410 400 457 442 439 413 413 413 413 501 733 825 797 810 949 967 997 1048 880 1148 1108 1119 992 993 879 930 890 911 927 936 922 1049 1145 1123 963 1025 1085 741 707 1090 1153 1095 1090 1096 878 820 703 439 420 420 557 1075 1248 870 873 1319 1007 1017 1121 1321 1301 1569 1819 1932 2096 1766 1760 1630 1520 1746 2189
590 648 702 704 705 697 608 540 478 486 515 492 503 494 495 506 459 406 403 440 431 452 413 413 413 413 545 800 913 770 760 918 931 998 1072 1094 1137 1116 932 893 869 869 878 931 891 898 889 921 999 1157 1180 1088 1207 1188 807 679 796 964 1244 1244 1291 1248 1016 962 646 431 419 599 774 1064 666 658 913 776 981 1286 1231 1300 1692 1530 1690 1399 1354 1275 1111 905 1264 1356
540 578 610 622 648 649 615 545 505 490 507 500 485 482 499 525 463 407 403 431 429 438 413 413 413 413 678 869 972 770 795 849 925 877 890 922 945 1050 988 925 908 890 1013 946 869 889 889 897 1084 1111 1141 1277 1143 1037 730 689 789 756 1145 1297 1398 1343 1235 1274 1129 697 420 421 559 666 494 423 419 419 466 501 638 757 906 753 721 1025 849 879 840 769 606 783
504 507 557 596 610 620 599 546 520 497 515 479 467 473 533 530 423 407 413 440 447 449 440 413 413 413 791 902 925 818 740 726 723 723 825 923 961 1000 981 900 917 1004 949 875 896 914 889 894 914 952 1158 1240 1240 1145 743 858 924 936 952 1142 1318 1412 1513 1457 1265 1100 518 424 420 420 421 419 419 419 419 419 419 419 419 419 419 419 419 419 419 419 428 493
504 504 560 558 569 579 564 560 530 528 491 440 435 424 454 424 409 434 660 649 602 465 413 413 413 469 901 972 948 893 783 762 728 723 724 724 883 1005 905 929 989 1138 974 895 1072 1059 889 889 982 1123 1252 1270 1170 1112 1015 755 814 976 1221 1241 1665 1728 1534 1507 1467 1278 673 438 429 429 682 829 857 838 750 679 530 523 419 424 419 419 473 490 422 426 487 428
511 507 551 546 564 576 550 549 525 495 493 430 417 414 412 411 413 482 766 667 529 442 420 413 413 413 803 961 994 1011 799 896 1066 1077 724 724 797 1030 909 1044 1177 1335 915 952 1004 980 892 889 966 1255 1221 1283 1393 1296 1424 847 1043 986 1357 1138 1321 1419 1251 1294 1377 1379 1047 505 431 538 1041 1179 1219 1143 947 859 819 785 734 570 694 605 609 623 713 691 768 595
587 545 525 525 546 549 547 529 500 490 455 418 418 416 418 426 435 634 748 622 502 430 555 488 413 413 641 914 948 1091 873 924 953 1157 736 724 785 1060 939 1056 1248 1221 918 1090 1094 969 889 889 1051 1162 1037 1077 1405 1381 1256 1016 900 900 1254 1358 1707 1899 1604 1310 1251 1151 1034 485 435 583 1219 1468 1389 1439 1129 945 1207 995 1114 685 1028 931 793 830 1205 1108 916 744
636 595 529 556 554 533 527 504 506 468 424 419 418 417 426 424 559 792 657 594 480 472 483 413 413 413 490 739 938 1031 953 934 1040 1077 826 728 848 1225 932 1046 1161 1086 951 1247 1135 1159 1135 900 889 896 1116 1105 1219 1378 1227 1137 902 900 1102 1832 1467 1428 1461 1231 1130 1079 734 459 439 456 1081 1515 1737 1223 1403 1253 1578 1356 922 1016 1382 1331 1067 1158 1417 1376 1102 887
755 684 567 557 551 529 520 491 460 441 424 423 475 420 538 613 627 609 555 544 499 447 530 413 413 413 413 604 887 1082 1320 1438 1493 1232 811 779 825 939 1017 1251 1485 1287 1058 1425 1210 1372 1262 1321 1144 890 1014 1138 1226 1339 1327 1280 1032 900 1367 1458 1699 1828 1051 1299 1310 1409 1036 447 447 708 1194 1338 1566 1324 1940 1557 1845 1809 1255 1672 1736 1908 1801 1704 1735 1587 1086 956
802 747 572 563 544 532 515 480 446 428 428 478 419 430 659 679 587 553 601 542 434 478 778 574 413 413 413 513 868 1271 1394 1276 1214 1056 770 773 933 1050 1228 1234 1416 1261 1075 1513 1257 1464 1341 1275 1144 896 891 906 1027 1090 1385 1221 1010 900 1386 1579 1931 1341 1466 1527 1734 1788 833 452 490 935 1411 1591 1742 1496 2009 1723 1502 1406 1369 1871 2077 2004 1956 1879 1684 1476 968 1407
756 721 569 556 544 529 506 449 450 430 453 418 468 517 537 581 555 606 532 447 438 530 950 901 741 439 413 423 619 1084 1119 1098 1012 905 755 840 1047 1158 1277 1321 1451 1276 1279 1496 1384 1496 1227 1066 942 904 991 905 933 1101 1742 1387 996 1077 1699 1879 1784 1333 1672 1785 1852 2092 574 457 684 921 1587 1785 1761 1767 1797 1609 1779 1938 1412 2001 2189 2140 1832 1733 1581 1215 1450 1590
705 673 595 554 548 543 470 447 435 454 438 493 613 665 537 587 636 572 440 434 453 600 1079 1137 1096 756 413 424 458 826 905 864 814 779 741 955 1116 1177 1371 1429 1452 1138 1305 1412 1508 1367 1191 1084 924 910 1221 1235 934 1361 2010 1504 1019 1298 1795 1994 1476 1651 2252 2084 1947 1850 524 476 597 934 1555 1852 1995 2016 1717 1876 1985 2035 1418 1875 2194 1959 1481 1377 1320 1128 1721 1932
717 670 564 521 493 504 499 489 477 522 434 434 434 487 576 542 467 434 434 434 548 957 1351 1509 1600 1525 710 534 497 503 475 557 498 463 538 760 876 1037 1215 1388 1237 1097 1393 1478 1421 1237 1061 1247 925 1104 1543 1758 1272 1211 1668 1524 1648 1828 2126 1846 1760 1747 1739 1284 986 709 616 537 482 542 1428 1979 2040 2315 1935 1843 1685 1653 1875 2067 2051 1986 1682 1615 1377 1430 2249 1899
612 508 479 473 468 470 575 685 625 547 438 434 434 434 484 454 434 434 434 498 607 878 1433 1520 1303 1409 818 667 595 538 463 453 447 454 484 544 697 887 1166 1689 1161 1142 1480 1473 1451 1331 1086 1055 935 1236 1623 1725 1232 1410 1612 1726 1832 1795 1545 1607 1697 1671 1114 870 895 982 641 548 480 477 1120 1753 1846 2222 2084 1928 2091 2140 2324 2248 2255 2111 2054 1746 1350 1520 2144 1698
498 494 537 511 511 605 627 570 500 474 488 449 434 434 478 434 434 434 500 492 534 571 1127 1197 1452 1339 1336 984 748 693 505 456 447 447 450 479 563 698 1131 1396 1252 1338 1555 1399 1292 1243 1145 1322 1128 1089 1841 1666 1149 1574 1529 1669 1584 1358 1211 1118 1211 1261 848 851 1033 1056 1283 965 645 506 948 1567 1943 2179 2278 1990 2294 2269 1912 2074 2283 2333 2160 1672 1484 1810 2014 1759
562 614 750 877 794 604 562 512 501 467 477 548 495 434 434 434 434 434 443 434 434 434 600 877 1098 1631 1534 1309 1136 891 717 583 546 510 620 460 534 598 942 1310 1328 1474 1562 1472 1330 1190 1383 1572 1267 1045 1815 1509 1509 1718 1472 1358 1195 1070 859 848 848 848 957 1164 1521 1256 2054 1502 734 594 941 1440 1864 2057 2307 1871 2013 2102 1724 2140 2282 2217 2004 1743 1905 2043 2022 2081
826 827 990 1113 937 784 970 838 738 605 460 528 473 434 434 434 434 434 434 434 434 434 434 434 587 916 1229 1256 1061 1146 1178 1228 1197 1028 444 447 453 491 644 879 1058 1147 1292 1483 1395 1505 1488 1403 1211 1439 1960 1771 1716 1853 1469 1805 1845 1209 1808 2145 1927 2307 2735 2756 2569 2452 1312 925 743 585 995 1304 1284 1523 2119 1595 1228 1462 1880 2302 1820 1759 2246 2344 2352 2233 2191 1877
751 857 990 1042 1033 935 1012 1052 805 735 434 501 506 434 434 434 434 434 434 434 434 434 434 434 458 678 1058 919 868 1164 1139 950 746 633 441 444 451 489 729 881 860 1007 1250 1343 1474 1633 1611 1583 1621 1790 2260 2007 2110 1644 1852 1990 2120 1711 1560 1958 1880 2181 2516 2763 2619 2103 1624 954 669 562 766 683 760 1060 1518 1235 1373 1756 2245 2110 1671 1793 2315 2042 2149 2276 1602 1693
820 870 1008 986 1088 973 1150 1153 1017 777 434 434 434 434 434 504 550 1027 577 494 508 434 434 434 582 1057 805 605 835 1239 569 434 434 436 440 473 511 547 702 643 1184 1149 1152 1128 1306 1479 1699 1797 1610 1680 1538 1534 1632 1553 1994 2218 2268 1980 1225 1380 1737 2233 2809 2431 1871 1854 1254 849 564 525 830 1046 933 805 1098 975 1509 1868 2391 2006 1519 1784 2162 1743 2068 2183 1619 1216
1024 1097 1237 1266 1010 1143 1306 1099 1011 849 447 434 434 434 543 811 787 886 709 630 527 434 434 434 434 644 434 456 745 699 434 434 434 434 642 711 704 530 547 552 558 647 897 1083 1214 1384 1312 1092 1046 1069 1238 1309 1430 1625 2088 2256 2173 1972 1658 1593 2000 2261 2223 2146 1556 1491 887 575 534 762 1059 1612 1581 1156 790 976 1278 1758 2146 2041 1494 1704 1980 1648 1822 1843 1266 1131
1259 1490 1266 1097 1226 1340 1809 1385 1042 781 436 434 434 469 776 837 639 444 436 434 434 434 434 434 434 434 434 434 434 434 629 745 672 434 765 1249 1576 1571 1292 1234 1317 1147 699 597 601 611 654 790 1218 1347 1436 1548 1635 1753 2017 2151 2088 2152 1898 2401 2400 2121 1644 1491 1372 1188 559 640 938 1292 1028 1734 2107 1846 1431 910 877 1410 1655 1559 1353 1637 1875 1661 1335 1434 1651 1896
1316 1649 1523 1469 1763 1983 1637 1344 1013 754 736 541 434 437 672 449 446 443 439 462 472 468 434 434 434 434 434 434 434 594 1059 1007 578 434 870 1551 1760 1523 1424 1486 1350 1402 1101 905 745 732 749 787 786 1137 1504 1662 1621 1720 1941 2066 2171 2159 2204 2591 2038 1820 1750 1583 1462 1044 571 949 1311 1381 1149 1775 2217 2038 1731 1318 817 1180 1263 1203 1426 2010 2180 1596 1599 2003 1717 2048
1774 1685 1678 1706 1750 1577 1548 1230 842 480 434 434 439 577 448 448 452 506 545 588 701 738 544 466 434 434 528 705 830 928 948 801 662 434 846 1390 1738 1830 1687 1671 1585 1586 1450 1311 1084 1242 1222 1321 1193 825 1521 1646 1438 1600 1798 2094 2301 2231 2541 2368 2330 2337 1972 1775 1504 1077 776 1212 1616 1588 1665 1669 1934 2052 1666 1378 879 971 1500 1675 2123 2371 2269 1807 1944 2155 2300 2221
1530 1377 1285 1329 1558 1371 1258 848 512 434 434 633 509 485 452 452 456 564 682 802 1017 1280 700 765 752 743 763 739 785 812 786 922 453 434 558 928 1194 1356 1712 1683 1760 1780 1419 1384 1502 1607 1352 1646 1588 1345 1065 1364 1436 1704 2095 2235 2215 2198 2172 2204 2125 1972 1617 1554 1440 917 973 1496 1828 1653 1905 1660 2097 2126 1542 1568 910 1103 1929 2170 2188 2076 2066 1947 2086 2296 2378 2478
1437 1426 1400 1179 880 757 568 464 448 438 592 519 663 937 913 905 558 474 902 1464 1752 1283 1143 1424 1445 1480 957 1456 1482 1623 1074 619 434 434 610 1092 1444 1350 1326 1426 1582 1631 1925 2039 2139 1870 1733 2338 1999 1618 1007 1047 1408 1997 1909 1964 1918 1937 2319 2078 1783 1647 1281 1153 700 649 1305 1372 1726 1806 2122 1879 2180 2296 1773 1483 1019 1051 1838 1729 1873 1925 2580 2228 2558 2378 2072 2012
1643 1500 1343 1137 915 785 528 473 448 583 530 576 937 1419 1392 1380 669 480 1024 1209 1495 1613 1336 1518 1628 1470 1038 1354 1477 1778 1002 456 434 434 812 1456 1721 1582 1658 1775 1800 1886 2161 2305 1979 1620 1551 1930 1834 1790 1309 1094 1378 1875 1885 1913 2043 2327 2412 2256 2041 1806 1115 717 644 870 1696 1523 1662 2103 2111 2088 2280 2176 1864 1515 1121 977 1532 1517 1548 1764 2756 2530 2258 2072 1804 1657
1386 1348 1116 977 903 755 534 488 457 589 592 828 1402 1831 1204 1061 643 490 682 937 1259 1735 1296 1455 1592 1534 1305 1422 1728 2055 825 560 434 434 877 1130 1639 1835 1867 2028 1854 2133 2260 1913 1737 1743 1709 2000 1945 1773 1412 1126 1541 1919 2016 2010 1953 1896 2335 2484 2116 1799 971 650 732 1099 2082 2093 2036 1996 2525 2223 1873 1919 1615 1421 1171 979 1255 1484 1927 2120 2946 2650 2188 1857 1850 2078
1243 1282 1352 1445 1201 805 495 476 552 589 674 862 1198 1555 953 791 648 508 981 1027 1109 1274 1649 1732 2016 1953 1799 1734 1518 1271 1144 1172 687 434 434 862 1095 1227 2014 2161 2023 2143 1980 1911 1942 1831 1926 1977 1935 2025 1635 1195 1319 1493 1857 1858 1882 2118 2144 1811 1632 1500 686 730 1207 1152 1665 2101 2179 2301 2536 2389 2165 1584 1326 1126 1031 1199 1714 2034 1991 2310 2778 2643 2294 2064 2403 2488
1577 1519 1355 1129 881 698 464 518 554 567 859 1119 1232 1405 1318 1487 1024 510 1092 1544 1712 1725 2083 2173 2093 1872 1319 963 1158 1564 1052 1318 632 434 434 628 1290 1505 1758 1641 1751 1768 1978 2004 1982 1906 2210 2233 2068 1910 1554 1488 1494 2155 2273 2338 2002 1629 1311 1513 1580 1431 771 943 1211 1716 1364 1790 2146 2156 2025 1873 1694 1507 1284 1725 1913 2253 2091 2143 2482 2450 2475 2625 2656 2281 2366 2823
1384 1353 1169 989 806 619 469 543 576 661 981 1325 1508 1431 1511 1250 800 523 1128 1467 1633 1817 2189 1941 1631 1539 1217 1097 1475 1804 1602 1104 589 434 434 640 1248 1567 1734 1504 1517 1576 1789 1976 2157 2081 2399 2238 2077 2025 1738 1752 1616 1951 2168 1873 1493 1349 1666 1824 1978 2075 786 1111 1395 1691 1491 1570 2064 2585 1841 1536 1411 1303 1612 1887 2330 2373 2221 2722 2724 2299 2375 2579 2279 2225 2289 2357
1250 1174 985 902 728 544 502 558 639 752 1040 1385 1740 1653 1239 957 529 717 792 1029 1181 1573 1937 2050 1792 1542 1376 1316 1970 1459 1553 1206 887 434 436 439 739 1158 1335 1189 1302 1403 1559 1676 1746 1902 2315 2486 2453 2053 2027 1978 1924 2296 1825 1438 1380 1594 1969 1973 1896 1630 824 1165 1748 2222 1871 1772 2483 2378 1741 1650 1650 1554 2301 2507 2733 2637 2666 2730 2509 2108 2358 2664 2356 2235 1857 2195
1133 1040 840 753 590 468 540 599 685 799 1125 1419 1870 1653 1255 760 544 997 1041 899 1119 1397 1622 1776 1973 2105 1294 1399 1879 1482 1696 1875 1100 700 439 439 455 760 859 878 918 1024 1279 1448 1525 1575 1859 2033 2214 2163 2186 2282 2427 2484 1515 1496 1794 1923 1938 1681 1578 1513 820 1621 1744 2303 1937 2137 2540 2634 2157 2208 2029 1697 2671 2964 2758 2646 2556 2649 2563 2332 2262 2372 2509 2498 1755 1977
864 715 595 469 468 468 627 718 761 1059 1817 1960 2018 1870 1028 566 685 907 1459 1444 1615 1693 2013 2173 2093 1901 1553 1957 2609 2175 2462 1966 1424 973 449 446 462 481 802 961 1005 1325 955 942 954 1078 1264 1226 1224 1277 1530 1911 1910 2050 1979 2105 2132 2662 2570 1990 1746 1555 1129 2047 2286 2625 2790 2775 2614 2806 2470 2554 2478 2113 2635 2535 2537 2422 2263 2228 2205 2137 1725 1749 1883 2197 2156 1588
658 564 468 468 468 495 746 819 840 1145 1311 1372 1835 1717 775 577 984 1393 1757 2006 1707 1870 2243 2277 2304 2263 1775 2101 2790 2590 1757 1415 1141 1381 694 485 454 468 1052 1218 1093 1373 1369 1595 1391 1261 1254 1304 1370 1425 1707 2241 2260 2346 2122 2401 2507 2750 2436 2321 1994 1439 2062 1757 2408 2497 2563 2630 2580 2395 2271 2387 2305 2565 2435 2305 2360 2327 2163 2098 2025 1964 1637 1512 1598 1683 2059 1964
541 508 468 468 518 609 985 1335 1006 814 1107 1517 1998 1535 715 627 1234 1572 2302 2569 2231 2199 2414 2680 2579 2421 2247 2343 2626 2711 1596 1326 1526 1657 735 540 453 608 926 1214 1383 1314 1495 2071 2122 1862 1409 1757 1856 1789 2033 2298 2502 2269 2353 2612 2851 2626 2567 2628 1650 1245 2504 1963 1922 2227 2610 2775 2512 2399 2267 2150 2538 2317 2267 2071 2154 2441 2098 1997 1821 1652 1709 1401 1420 1386 1566 1355
489 476 468 564 680 692 1270 1425 1478 1038 1193 1406 1794 1359 902 635 974 1418 1937 2296 2397 2091 2243 2327 2312 2464 2656 2458 2568 2762 1618 1670 1787 1536 932 637 453 776 1280 1254 1291 1439 2026 2247 1999 1757 1573 2133 2048 2025 2238 2284 2953 2692 2995 2886 2800 2336 2200 1955 1343 1526 2605 2501 2052 1857 2830 2747 2618 2404 2256 2005 2279 2031 2107 1857 2069 2275 2296 2254 2110 1894 1486 1415 1285 1146 1193 1115
493 482 809 1081 1248 1436 1768 1783 1398 854 1305 1564 2120 1888 1500 751 994 1270 1643 1635 1340 1337 2421 2464 2603 2312 1919 2081 2158 2227 1857 1533 1679 1802 1123 747 460 532 1820 2196 2134 2167 2257 2291 1902 1555 1692 1944 2293 2600 2891 2854 2879 2823 2957 2800 2374 2038 2259 2144 1782 1898 2808 2634 2203 1957 2662 2438 2327 2357 2163 1651 1608 1754 2317 2035 1791 1978 2084 1887 1931 1808 1243 1177 1134 1108 1067 961
497 489 760 1208 1718 1601 1871 1419 1264 931 1409 1808 2040 2167 1368 956 1074 1318 1420 1348 1114 1430 2388 2418 2512 2100 1772 1847 1949 2199 2007 2183 2210 2364 1468 965 469 469 1483 2018 2016 2190 2005 1889 1837 1528 1824 2392 2661 2721 3031 2862 2752 2724 2947 2770 2349 2416 2565 2214 2022 1864 2662 2501 2033 2280 2652 2501 2264 2071 2064 1805 1313 1640 2263 2086 1781 1820 1819 1677 1650 1653 1351 1211 1087 1148 1053 1009
498 596 1263 951 1515 1897 1673 1341 1319 962 1679 2172 1944 1682 1310 1133 984 1029 1015 1026 1251 1670 2074 2274 2624 2209 1746 2116 2175 2503 2534 2533 1812 1507 1081 850 549 470 1146 1484 1919 2165 2219 2548 2355 1612 1977 2490 2599 2596 2525 2896 2632 2626 2885 2701 2784 2919 2748 2245 2107 2323 2641 2420 2291 2601 2341 2300 2321 2027 1742 1558 1243 1572 2079 2050 1790 1663 1677 1397 1436 1473 1252 1033 1107 1191 950 712
