dhm/dhm1000.asc
ncols         385
nrows         240
xllcorner     479900
yllcorner     62100
cellsize      1000
NODATA_value  -9999
[rows 39 to 77 of 240, columns 176 to 263 of 385]
394 384 364 363 332 495 554 565 571 593 504 475 475 463 482 570 625 637 623 560 510 502 439 411 458 406 419 414 465 512 484 416 433 526 502 440 486 545 410 424 431 438 512 490 459 462 495 529 565 527 527 568 647 632 499 492 501 485 484 490 526 525 521 526 547 582 707 710 674 731 658 621 624 638 610 573 579 572 502 533 474 475 481 490 486 493 523 539
420 383 365 428 327 379 496 571 592 603 506 475 454 444 474 453 466 503 562 543 524 485 446 409 427 410 438 421 430 522 561 427 433 517 576 525 561 561 480 488 494 434 448 457 455 467 481 479 484 539 512 504 519 509 503 532 546 489 468 490 521 535 528 540 550 656 664 730 728 711 630 685 666 669 631 580 585 573 470 466 490 509 571 558 498 548 558 549
483 374 492 445 327 334 375 435 494 593 528 488 459 469 501 503 472 459 467 483 462 456 414 409 412 423 440 428 438 494 570 465 435 497 569 626 632 561 496 439 434 439 446 449 453 519 550 541 538 613 603 522 523 513 527 535 551 498 496 484 501 508 524 531 561 606 638 715 701 676 665 708 672 667 611 561 570 578 474 471 532 589 585 576 551 565 509 573
449 378 333 340 330 416 393 369 362 350 484 455 565 579 752 776 769 763 707 663 564 459 413 417 426 419 433 426 424 462 547 497 538 533 532 548 609 607 622 462 441 478 577 501 491 480 587 660 610 587 613 603 618 615 547 539 561 586 625 579 549 530 515 521 539 573 609 606 672 660 535 533 534 529 570 569 584 527 489 533 516 572 591 594 604 622 639 615
345 334 362 350 381 415 550 535 463 426 471 652 595 587 582 570 585 570 707 586 583 487 429 422 423 434 417 422 419 437 532 519 570 569 598 605 599 600 594 507 441 520 534 536 525 509 576 599 674 705 691 658 646 645 612 628 563 561 623 600 618 586 525 530 546 582 604 631 573 527 521 552 521 564 574 580 486 478 519 541 574 582 624 633 682 741 717 684
338 346 374 411 350 463 548 564 524 408 390 407 448 439 530 528 497 530 576 651 588 498 424 443 426 468 418 418 420 422 471 500 534 567 603 589 585 594 576 512 458 527 469 524 479 547 517 548 593 650 683 792 784 681 687 755 681 601 563 569 556 546 553 583 554 570 562 526 514 508 503 510 520 550 484 486 484 488 555 569 605 590 629 698 764 772 885 812
497 457 390 437 363 385 517 486 415 523 390 401 434 473 457 444 454 465 489 499 470 522 470 464 454 456 421 418 421 425 438 475 484 527 527 546 566 579 585 564 472 580 520 528 496 487 529 620 631 725 738 790 807 777 590 594 672 659 564 598 570 545 639 589 588 560 534 516 514 514 533 499 497 493 497 486 520 580 532 607 609 613 678 745 781 806 826 761
409 397 386 389 394 394 402 407 442 461 484 398 398 419 413 423 435 429 421 422 425 428 437 450 500 497 468 435 418 422 457 473 457 449 464 499 511 527 533 519 488 610 680 666 564 561 511 513 524 528 553 694 638 771 648 745 640 678 693 654 571 560 577 619 570 578 574 519 565 584 603 618 569 535 557 580 616 611 614 596 595 619 688 731 817 793 861 751
464 429 390 394 396 397 405 406 415 447 546 464 380 428 447 513 570 552 481 446 434 430 438 443 444 459 490 451 428 420 461 466 474 462 454 488 518 527 525 500 552 578 675 658 581 613 617 564 638 546 548 569 583 601 643 729 751 760 589 593 577 649 692 652 668 662 677 523 568 576 591 603 561 568 561 530 604 604 620 608 606 639 706 716 753 788 707 682
524 466 397 401 401 393 415 410 419 443 657 627 460 410 390 412 462 485 582 569 537 470 443 442 439 439 449 467 454 432 455 465 469 476 444 458 500 500 519 520 495 550 621 637 598 609 653 609 623 663 556 645 711 691 751 783 775 709 615 675 639 638 715 710 689 647 639 605 550 599 651 607 629 604 611 575 580 556 636 632 631 648 680 725 744 787 646 626
576 565 417 406 409 399 405 414 415 425 574 689 623 454 395 394 381 435 564 464 509 535 481 457 445 446 442 440 436 430 455 479 474 463 449 468 480 488 508 517 543 525 585 619 684 615 676 620 654 716 570 629 648 703 684 737 758 717 711 691 622 711 749 741 715 683 652 616 541 688 721 737 708 653 640 623 616 621 644 622 635 633 648 678 712 681 627 602
365 402 433 423 419 402 351 356 377 411 457 558 662 642 418 398 387 384 386 406 414 403 452 486 526 515 471 450 440 427 426 428 432 434 434 435 484 500 494 526 521 545 540 572 590 668 607 683 637 665 643 673 634 654 717 697 721 784 704 664 702 726 847 796 760 743 700 590 581 670 656 675 659 738 734 742 679 665 659 681 676 739 745 767 724 666 690 647
401 406 398 486 491 501 460 384 351 383 403 539 622 704 508 444 399 390 390 389 390 391 393 398 453 498 550 462 467 464 438 429 430 430 437 436 446 466 520 523 534 528 540 548 579 635 657 735 661 723 681 596 689 713 721 746 736 743 761 727 785 732 744 723 703 680 635 623 565 638 760 799 802 816 803 835 766 740 759 749 669 765 710 760 764 740 773 724
399 420 401 428 508 576 522 463 391 354 407 451 580 699 606 504 424 417 392 401 392 399 394 397 398 398 437 470 491 579 518 463 439 435 442 439 446 450 474 504 518 549 518 533 544 597 661 715 738 778 702 603 725 697 791 852 848 821 739 756 732 807 868 813 777 727 665 618 591 591 677 764 789 761 844 903 837 795 763 688 713 781 764 765 805 890 750 770
397 429 408 411 427 489 535 490 418 368 405 421 529 646 635 549 424 455 406 425 476 465 426 401 399 401 403 426 484 618 578 556 495 443 437 444 443 444 462 483 493 533 521 527 537 553 661 730 745 784 626 675 670 709 802 835 860 885 864 880 808 782 768 790 753 775 670 621 591 593 619 657 666 791 846 782 845 853 757 778 846 854 765 753 825 885 782 729
422 477 455 422 420 422 542 504 456 408 356 357 427 524 628 547 449 458 456 452 528 589 535 446 420 414 411 409 415 459 625 652 662 584 504 445 436 435 448 454 464 482 549 571 544 541 574 611 627 637 744 759 639 633 741 709 854 758 969 1010 879 773 738 704 806 750 711 645 608 622 765 665 658 710 831 820 912 799 939 759 880 856 834 926 802 790 807 816
467 449 495 462 430 409 513 502 459 431 370 359 367 485 559 479 573 580 516 465 500 529 621 564 457 441 411 408 407 426 557 631 628 623 577 504 441 435 446 451 472 468 520 571 551 539 551 587 630 662 787 821 727 667 680 705 672 787 851 866 944 955 862 708 898 800 729 664 612 608 869 802 623 802 722 779 785 902 824 839 824 953 873 849 806 704 869 907
535 572 545 506 435 420 410 446 494 447 415 371 369 454 544 547 619 630 564 489 506 550 684 707 614 494 426 408 406 418 510 592 630 689 601 563 477 435 435 477 454 469 498 530 548 539 541 554 655 690 763 836 703 810 765 762 839 705 808 830 795 921 777 809 994 812 691 674 614 592 745 797 659 765 866 874 782 866 931 847 911 924 935 850 860 721 905 948
469 547 662 565 447 421 413 423 480 471 446 393 367 379 542 575 627 651 586 503 469 497 540 666 730 544 421 407 406 406 488 533 552 625 660 608 550 450 435 442 455 459 520 522 570 564 536 539 620 725 823 851 791 812 846 849 941 842 819 855 940 1003 763 873 980 816 725 686 599 606 857 771 634 688 903 1011 930 860 944 989 973 997 888 843 814 792 982 1128
442 454 691 692 605 457 452 429 422 424 473 462 390 390 474 552 590 606 548 587 536 587 533 576 627 743 471 446 406 406 476 548 622 651 670 719 649 544 436 435 438 444 506 522 567 507 538 545 570 606 639 694 737 821 867 954 860 795 795 893 838 1105 1132 1045 795 742 804 758 734 635 874 995 775 651 771 786 808 840 941 847 876 924 1047 1044 955 809 1014 1011
444 451 586 618 642 520 517 458 426 426 449 457 448 390 400 504 557 580 597 585 569 664 527 620 578 673 494 473 422 406 450 531 580 609 675 697 669 612 456 435 435 454 488 511 518 541 540 543 552 583 699 772 774 795 1003 912 800 801 755 1037 1021 1251 850 780 767 882 874 762 770 615 799 936 909 821 773 689 869 893 803 849 923 1016 1026 1001 905 828 852 868
480 448 509 596 620 536 501 560 481 435 433 452 445 425 379 420 491 563 610 576 652 631 529 621 566 669 440 489 485 406 406 488 536 558 624 650 673 651 504 435 437 439 455 485 509 545 525 532 544 570 671 760 823 820 949 855 814 874 1010 863 904 998 973 885 911 1035 791 819 734 603 954 1137 898 789 744 808 734 778 888 941 997 1170 962 875 843 913 1075 995
499 464 496 540 572 511 545 523 564 497 430 454 472 465 379 381 487 507 563 607 635 565 536 614 569 720 445 474 496 410 406 431 523 605 659 679 748 717 544 493 446 439 451 477 502 530 554 536 536 548 642 719 748 808 931 866 755 898 1142 985 921 1089 1218 857 910 1150 826 855 732 606 877 906 947 979 785 849 884 802 978 1040 1023 1077 967 842 898 1079 1071 984
626 559 448 485 540 525 652 648 600 597 445 437 437 439 379 381 420 445 484 579 519 527 617 649 682 745 478 552 534 470 406 406 456 539 648 712 795 844 591 538 496 496 451 444 447 488 522 536 539 551 565 590 693 783 954 885 722 819 1026 977 1164 1280 1013 1127 1205 1106 819 786 708 641 739 799 830 885 944 955 883 862 945 1020 1068 1109 994 859 1038 1147 1219 1623
709 651 448 476 516 539 674 709 619 634 456 444 440 438 381 383 394 440 466 459 481 497 657 716 626 815 546 482 521 513 406 406 406 507 608 668 698 764 680 558 511 484 490 458 451 462 507 534 548 538 567 576 612 744 968 803 695 805 853 956 1239 855 839 921 1141 1230 1143 929 895 708 685 786 920 970 1077 994 986 829 1117 1083 1157 1164 1063 913 1026 1339 1439 1542
708 665 448 448 508 569 679 739 690 612 503 444 444 460 382 381 386 417 469 483 479 477 649 619 755 853 622 531 468 542 406 406 406 412 536 557 626 685 725 608 568 485 497 500 494 479 510 527 535 528 539 559 595 712 815 860 674 704 1003 1126 1006 908 901 1099 1233 1053 962 955 779 673 620 761 872 993 1104 1074 1080 884 994 1170 1232 1316 1327 1031 1009 1163 1322 1275
719 698 448 448 500 582 685 713 727 666 550 461 449 458 384 382 383 402 466 485 493 484 635 677 664 674 707 585 479 540 450 406 406 406 489 515 555 569 663 658 584 519 517 511 511 497 494 539 543 512 508 520 558 616 691 697 616 686 856 949 915 741 947 948 956 896 867 778 739 824 627 637 754 986 1082 1070 1049 963 972 977 1117 1334 1371 1370 1067 1066 1154 1267
565 604 454 448 449 550 670 726 791 736 625 566 489 464 401 383 384 385 416 448 487 500 561 652 696 671 838 837 665 566 591 443 406 406 406 406 406 408 457 499 554 619 566 563 524 514 520 541 503 511 490 491 529 555 686 761 721 640 648 707 700 698 774 811 908 799 793 859 1019 1124 817 714 630 658 881 862 998 1076 1378 1359 1336 1432 1191 1250 1372 1260 1328 1372
519 529 507 448 448 507 659 727 778 792 656 589 526 485 418 386 385 386 421 436 457 487 584 552 611 600 669 739 750 593 634 537 449 408 406 406 406 406 406 431 484 573 572 550 552 521 501 507 520 496 484 476 477 529 619 619 604 565 600 631 649 630 678 735 792 760 909 1019 1126 1210 915 859 716 694 708 737 908 1012 1191 1148 1121 1123 1255 1226 1160 1193 1495 1987
526 549 563 448 455 478 574 702 788 871 702 630 571 522 429 388 385 385 423 449 437 463 593 655 575 613 679 684 879 692 671 634 529 501 409 406 406 406 406 406 418 441 560 534 518 489 458 496 514 517 469 457 463 484 496 531 571 602 543 543 573 600 623 646 691 760 1036 1170 1217 1240 1085 1008 912 814 802 753 724 916 949 884 915 944 994 1038 1094 1261 1923 1912
547 544 615 476 449 457 635 689 754 821 760 672 577 560 468 405 388 387 410 443 441 456 489 572 586 610 597 608 756 891 507 634 643 545 469 484 447 406 406 406 406 412 462 500 487 455 422 446 471 475 431 468 480 461 522 511 490 479 492 485 509 518 578 608 605 694 976 944 989 1243 1168 1029 943 898 988 863 783 759 843 976 1123 1157 1221 1184 1265 1267 2100 1743
608 563 653 602 461 464 564 655 708 787 849 740 623 571 475 457 394 389 388 401 409 438 458 498 523 575 576 599 599 664 552 660 738 673 555 576 581 483 406 406 406 406 406 406 406 406 406 406 406 417 415 414 409 416 474 481 431 406 408 411 415 414 447 496 519 570 756 808 834 944 1388 1330 1160 967 1146 1056 904 786 815 925 1199 1385 1419 1639 1775 1604 1217 1094
651 607 664 653 494 469 495 614 696 754 851 805 696 572 479 466 449 390 390 392 398 419 441 450 514 528 550 570 615 612 605 566 697 696 579 567 628 593 467 406 406 406 406 406 406 406 406 406 406 406 410 406 406 409 413 406 406 406 406 409 408 408 412 420 435 474 656 780 874 1033 1353 1236 1123 969 1301 1230 939 881 835 862 1116 1276 1664 1460 1370 1270 1057 1228
670 629 694 695 555 470 470 530 609 702 842 823 724 588 488 464 461 390 392 392 446 425 442 470 507 530 552 501 512 538 548 602 651 713 678 606 625 645 546 529 417 406 406 406 406 406 406 407 406 406 406 406 406 406 406 406 406 406 510 480 408 410 409 414 419 433 563 806 1073 917 1335 1316 1195 1066 1347 1107 1259 1328 977 820 988 1194 1453 1378 1421 1191 1032 1116
668 656 701 750 607 475 463 500 594 643 790 801 706 606 482 471 446 396 393 393 426 423 446 456 490 512 544 493 463 554 660 620 586 641 666 673 615 621 545 541 444 406 406 406 421 407 406 406 406 406 406 406 406 406 407 431 571 604 409 404 407 406 409 417 420 427 522 703 936 1189 1168 1458 1280 1338 1209 1330 1276 1119 942 870 862 1168 1478 1327 1117 1018 933 956
745 676 690 802 743 606 463 468 496 553 664 718 690 612 497 450 434 402 396 399 420 424 419 426 425 431 439 448 462 516 692 734 724 693 678 702 699 663 633 603 597 645 508 582 556 573 554 498 499 458 414 409 417 417 423 425 425 422 420 408 409 408 410 491 560 417 430 519 858 1039 1250 1443 1790 1564 1203 1251 1155 1194 1233 1260 1313 945 886 974 1082 1254 1353 1274
785 699 665 794 776 679 463 463 476 508 595 643 688 608 501 468 449 400 396 404 439 427 426 414 418 424 431 436 516 596 723 767 741 707 680 709 731 713 670 650 625 638 671 704 732 723 741 682 666 586 486 432 441 427 430 432 430 423 410 409 409 410 411 543 454 414 427 494 706 978 1587 1571 1636 1666 1336 1271 1400 1233 1361 1505 1297 1093 1119 1198 1494 1438 1473 1464
779 753 661 761 775 737 481 463 483 482 578 597 636 598 501 474 437 419 397 462 457 434 416 413 416 416 424 448 522 595 771 764 815 754 658 694 722 740 775 745 791 732 754 839 964 1035 876 884 837 724 622 590 502 481 439 444 439 429 423 415 411 419 412 415 414 414 418 449 762 1113 1558 1461 1464 1555 1633 1416 1471 1520 1498 1391 1229 1132 1548 1524 1542 1495 1674 1891
760 751 676 726 773 752 559 467 469 500 540 560 602 577 503 485 434 408 399 447 471 435 413 413 413 413 433 480 600 648 815 821 805 805 646 639 719 728 809 953 885 836 774 831 943 884 963 1027 1057 947 866 785 653 642 565 507 485 473 502 501 537 450 419 411 415 414 414 504 784 1289 1511 1248 1427 1634 1334 1292 1458 1530 1532 1338 1250 1633 1677 1660 1662 1737 1842 1958
