dhm/dhm1000.asc
ncols         385
nrows         240
xllcorner     479900
yllcorner     62100
cellsize      1000
NODATA_value  -9999
[rows 195 to 233 of 240, columns 88 to 175 of 385]
847 803 457 459 460 459 458 458 476 659 1443 1666 1668 1869 2248 2169 2014 2203 2008 2533 2568 2397 1958 2149 2548 2710 2589 2231 1925 1635 2565 2753 2514 2289 1574 1476 1416 1769 2208 2551 2893 2752 2299 2714 3116 3132 1945 1826 2570 2586 2902 3416 3589 3697 3607 3464 2965 2784 1739 1371 1946 2610 3108 3677 3748 3713 3344 2901 2503 2475 1655 1779 2291 2656 3167 3111 3052 3303 2920 2616 2470 2244 2201 2282 2538 2108 1607 -9999
810 1396 585 465 464 459 459 469 660 1022 1665 1760 1614 1715 1885 1857 1762 1943 2252 2532 2554 2283 2332 2185 2575 2889 2626 2489 2030 1612 2503 2844 2651 2250 2024 1765 1396 1415 2034 2337 2764 2789 2299 2544 2784 3130 2205 1830 2382 2621 2984 3190 3442 3705 3416 3216 2717 2206 1535 1586 2080 2276 3219 3454 3934 4217 3563 2980 2362 2132 1682 1646 2168 2669 2781 2825 2942 3091 2952 2664 2405 2271 2262 2430 2382 2149 1756 -9999
1440 1603 949 541 468 464 579 903 1217 1483 1516 1479 1280 1679 1626 1548 1593 1801 2566 2601 2678 2426 2648 2209 2303 2709 2943 2484 2178 1735 2326 2728 2525 2161 2350 2137 1646 1378 1914 2224 2648 2849 2526 2360 2645 2983 2282 1827 2232 2411 2762 2935 3163 3707 3485 3227 2672 2249 1402 1624 1951 2484 3435 3659 3766 3952 3262 2936 2306 1870 2041 1701 1835 2206 2275 2520 2753 3035 3252 3163 2732 2289 1917 1907 2336 2257 2125 -9999
1618 1282 496 639 908 1021 1288 1347 1156 1454 954 863 895 904 1028 1223 1545 1849 2350 2466 2554 2890 3170 2876 2642 2545 2783 2876 2422 2035 2315 2884 2599 2449 2704 2408 1937 1611 1823 2144 2462 2598 3025 2678 2685 3096 2638 1981 2478 2852 2712 2834 3147 3667 3049 2980 2908 2403 1429 1726 2139 2693 3250 3624 3809 3976 2960 2680 2439 2291 2678 2544 1710 1957 3056 3075 2772 2905 2700 2407 1944 1900 2090 1592 1489 1538 2138 -9999
1381 965 573 1037 821 624 660 786 869 776 738 787 800 1079 812 975 1458 1620 2289 2270 2358 2599 3053 2946 2756 2718 2879 2861 2410 2360 2672 2881 2784 2767 2630 2271 1962 1577 1678 2020 2119 2393 3042 2897 2868 3148 2522 2128 2636 2964 3154 3078 3292 3541 2576 2529 2436 1936 1437 1861 2477 2622 3313 3515 3919 3962 3145 2912 2739 2598 3082 2550 1778 1977 2634 2996 3303 3003 2629 2301 2082 2170 2307 1861 1460 1335 1852 -9999
1151 920 539 604 680 855 1180 1224 863 799 752 868 1117 1474 912 829 1029 1461 2019 2115 2555 2880 2856 3048 2791 2884 2882 2630 2887 2363 3054 3206 3198 3205 2472 2242 1803 1476 1627 1659 1981 2457 3078 3314 3198 3221 2555 2259 2832 3194 3321 3355 3790 3380 2411 2301 2226 2196 1449 1850 2428 3111 3453 3248 3565 3776 3249 3007 2969 2760 2982 2470 1798 2213 2209 2728 2884 3175 2671 2545 2463 2403 1893 1672 1584 1111 1929 -9999
1179 1395 1124 902 951 1281 1818 1821 1578 1090 933 1453 1611 1717 1095 963 855 1192 1693 2043 2332 2682 2657 2810 3010 3008 2966 2850 2573 2363 3019 3430 3247 3127 2751 2376 1831 1889 2211 1957 1756 2196 2914 3168 3507 3436 2478 2484 2851 3022 3538 3890 3391 3309 2660 2678 2663 2389 1460 1862 2252 2679 2837 3155 3442 4022 3490 3139 3134 3047 2865 2576 1897 2116 2391 2372 2834 3081 2457 2419 2679 2487 1379 1381 1273 1030 1801 -9999
1913 1965 1885 1303 1267 1311 2369 2155 1588 1104 1156 1586 1969 1911 1575 1344 1209 1043 1056 1255 1815 2364 2384 2646 2662 2899 2769 2842 2574 2363 2866 3067 3248 2961 2420 2228 1830 2305 2991 2993 2363 1945 2752 2904 3184 3431 3268 2715 2739 2791 3452 3321 3495 3335 3113 3178 2831 2167 1790 2182 2676 2421 2797 2945 3166 3495 3786 3519 3378 3359 2759 2460 2106 2288 3140 2675 2428 2834 2774 2377 1852 1626 1072 1308 1317 1070 782 -9999
2276 2335 1599 1604 1727 1378 2013 2301 1569 1088 1233 1744 1995 2101 1821 1386 1511 1569 1190 1123 1487 2159 2450 2405 2763 3020 2965 3173 2623 2373 2913 3277 2909 2844 2299 2010 1819 2254 3004 3069 2562 1980 2587 2855 3164 3545 3184 2866 2908 2966 3580 3245 3088 2891 2850 2911 2610 1932 2047 2501 2968 2633 2480 2887 3238 3268 3545 3939 3696 3153 2851 2787 2196 2253 2932 2984 2759 2760 3019 2414 2226 1496 1784 1702 1938 1790 824 -9999
2680 2381 1937 2202 1888 1709 1734 2098 1459 1005 1263 1816 2245 2293 1885 1585 1742 1927 1650 1509 1472 1455 1989 2445 2766 2729 3306 2943 2637 2400 2770 3269 2989 3063 2503 2270 1855 2344 3499 3076 2516 2176 2368 2767 3174 3472 3415 3120 3040 3346 3546 3209 3001 2664 2749 2643 2190 1703 2370 2733 3110 2804 2373 2706 2940 3218 3549 3435 3259 3291 3072 2461 2205 2257 3048 3320 2905 2837 2425 2683 1962 1405 2070 2047 2117 1834 1243 -9999
2310 2560 2531 2581 2157 1744 1488 1536 1434 1053 1295 1822 1993 2116 2020 1754 2068 2075 2000 2058 1690 1528 1613 2090 2379 2654 3348 2923 2760 2568 2536 2984 3066 2940 2523 2127 2033 2424 3267 2844 2394 2345 2382 2779 3184 3553 3659 3327 3509 3321 3391 3127 2995 2661 2498 2476 1913 1660 2386 2823 2829 3235 2853 2746 2932 3259 3769 3451 3341 3405 2796 2494 2361 2212 2606 2805 2960 2869 2237 2176 1681 1604 2074 2303 2354 2177 1900 -9999
2284 2506 2197 2258 2266 2201 1795 1345 1010 1097 1078 1387 1839 2113 2320 2344 2580 2643 2414 2236 2384 2002 2211 1859 1646 2146 3252 3256 2945 3019 2771 2747 2804 2537 2284 2043 2330 2745 3617 3206 2909 3067 2839 2973 3249 3557 3116 3215 3181 3012 2926 2803 2705 2768 2258 1784 1624 2006 2482 2623 2742 2746 2850 3122 3300 3460 3540 3946 3915 3323 2875 2935 2640 2276 2839 3013 2754 2741 1933 1924 2011 2135 2446 2204 1842 1560 1556 -9999
2608 2750 2569 2764 2766 2304 1700 1279 1010 1590 1271 1188 1526 1811 2391 2783 3032 2812 2468 2421 2580 2221 2599 2212 1651 1786 3329 3316 3513 3195 2869 2874 2913 2704 2528 2217 2135 2621 3121 3375 3040 3084 3116 3270 3382 3277 3060 3144 2618 2538 2443 2269 2098 2056 1930 1680 1754 1904 2115 2247 2448 2536 2686 2801 2893 3168 3677 3822 3834 3282 2980 3057 2694 2440 2722 2946 2799 2871 2331 2316 2296 2424 2516 2210 2139 1534 1125 -9999
2978 3036 2992 2714 2566 2405 1854 1351 1139 1621 1469 1166 1421 1637 2231 2496 2799 2850 2572 2567 2501 2522 2749 2355 1836 1809 2821 3015 3097 3232 2894 2944 3212 2982 2763 2598 2094 2681 3094 3255 3160 3227 3311 3331 3417 3412 2708 2602 2430 2268 2210 2253 2308 2273 1913 1837 2145 2344 2457 2476 2542 2544 2760 2888 3005 3089 3269 3401 3530 3255 3100 3064 2929 2821 2663 2744 2521 2554 2612 2670 2680 2492 2067 2086 2076 1608 1085 -9999
3093 3120 2916 2664 2276 2086 1935 1344 1143 1488 1657 1260 1307 1599 2347 2562 2728 3054 2776 2975 2699 2586 3099 2545 2319 2117 2689 3172 3168 3231 3467 3179 3463 3214 2925 2986 2302 2464 2902 3106 3302 3274 3514 3441 3219 3050 2520 2488 2399 2408 2507 2466 2530 2472 1930 2084 2331 2540 2647 2888 2882 2886 2969 2968 3174 3114 3285 3366 3525 3225 3114 2929 2945 2708 2812 2671 2369 2219 2216 2357 2237 2400 1673 1765 1428 1208 832 -9999
3187 3096 2943 2287 2319 2078 1419 1221 1395 1813 1815 1698 1526 1330 2023 2300 2458 2601 3497 3439 3495 2877 2956 3233 2596 2161 2471 3135 3338 3413 3278 3559 3593 3551 3085 3018 2930 3107 2700 2878 3372 3235 3479 3642 3197 2994 2841 2967 3235 3583 3221 2762 2645 2731 2523 2410 2319 2824 2843 2835 2902 2728 3070 3176 3325 3413 3499 3673 3268 2566 2144 2158 1953 1852 2152 2521 2556 2354 1439 1673 1422 1346 1054 947 691 631 847 -9999
3069 3001 2628 2725 2812 2445 1535 1275 1650 2030 2035 1850 1850 1745 1733 2089 2261 2667 3243 3443 3356 3021 2873 3400 2807 2340 2446 2932 3237 3569 3042 3419 3339 3585 3020 3058 3088 3273 2810 3029 3340 3087 3562 3671 3302 3689 3259 3084 3505 4055 2976 2839 2873 2902 2804 2791 2338 2416 2516 2537 2566 2702 2988 3077 3247 3363 3341 2980 2872 2264 1651 1422 1372 1460 1889 2144 1987 1971 1093 1049 856 809 686 657 766 902 872 -9999
3097 2994 2968 2981 2618 2220 1377 1486 1831 2302 1838 2125 2218 2035 1618 2087 2509 2765 3352 3435 3241 3018 3198 3554 2954 2468 2507 2822 3000 3258 2905 3039 3425 3264 3035 3398 3154 3494 2888 2937 3056 2889 3003 3336 3537 3825 3105 3080 3192 3052 3237 2957 2980 3004 3000 2659 2500 2533 2515 2556 2579 2540 3046 3121 3257 3356 3437 2656 2209 1990 1615 1502 1518 1324 1380 1642 1568 1309 1027 992 1170 1009 1173 1302 1356 1422 933 -9999
3582 3136 3425 3044 2996 2709 1383 1597 1849 2336 2005 2442 2331 2024 1649 2115 2542 2833 3521 3339 3226 3090 3562 3070 2885 2334 2397 2635 2797 2704 2976 3387 3196 2894 3058 3170 3350 3319 3219 3161 3137 2802 2930 3151 3518 3592 2852 2708 2787 2747 3296 3038 3125 3136 2904 2825 2765 2735 2618 2753 2645 2693 3074 3271 3593 3520 3081 2626 2261 2030 2090 1927 1911 1606 1303 1160 1080 1009 1401 1645 1521 1640 1538 1725 1734 1655 947 -9999
3081 3486 2634 2455 2645 2226 1586 1790 2262 2682 2297 2446 2405 2187 1710 2084 2538 2759 3109 3400 3479 3808 3663 2855 2709 2592 2037 2466 2725 3100 3022 2763 2768 2837 3525 3086 2720 2707 3110 3064 3040 2491 3013 3278 3704 3198 2342 2146 2372 2528 2755 2892 3020 3271 3319 3444 3640 3366 3292 3267 3045 3040 3289 3633 3955 4085 3422 2851 2409 2244 2622 2823 2487 2224 1578 2088 1984 1851 2099 2105 1951 2068 1838 1822 1522 1380 1464 -9999
3040 3599 2419 2142 1875 1787 1727 2035 2613 2625 2454 2566 2541 2251 1931 1818 2139 2373 2851 3106 3702 4138 3660 3600 3130 2917 2212 2423 2521 3146 2573 2657 2877 3120 3314 3125 2673 2471 3195 2734 2892 2413 2839 3277 3224 2677 2034 2089 2252 2443 2644 2890 2935 3367 3690 3772 3950 4005 3498 3370 3246 3340 3356 3571 3893 4428 3578 2918 2655 2377 2865 3054 2365 1864 1681 1993 2291 2154 2271 2418 2414 2484 2064 2043 1611 1768 1891 -9999
2907 3087 2648 2489 2064 1665 1989 2269 2649 2475 2659 2455 2299 2074 2078 2290 2068 2145 2922 3059 3465 3472 3319 3306 3087 2739 2527 2189 2293 2753 2715 2974 3294 3116 3217 3119 2793 2453 2628 2675 2279 2117 2812 3198 2922 2546 1982 2125 2262 2431 2753 2817 3027 3360 3738 3808 3709 3632 3724 3621 3606 3693 3658 3708 3745 4042 4069 3353 3329 2918 2816 2376 2080 1802 2150 2199 2400 2584 2360 2165 2161 2248 2036 1775 1836 2068 1831 -9999
3074 3189 3081 2632 2248 1741 1952 2426 2642 2525 2620 2494 2330 1978 2228 2640 2532 2329 2549 2658 2980 3514 3063 2959 2837 2731 2627 2443 2489 2400 3248 3045 3329 2868 2951 -9999 -9999 -9999 -9999 -9999 -9999 -9999 -9999 -9999 -9999 -9999 -9999 -9999 -9999 -9999 -9999 -9999 -9999 -9999 3819 3819 3475 3269 3665 3943 3888 4118 4239 4264 4023 4119 3754 -9999 -9999 -9999 -9999 -9999 -9999 -9999 -9999 -9999 -9999 -9999 -9999 -9999 -9999 -9999 -9999 -9999 -9999 -9999 -9999 -9999
3073 3136 2998 2856 2197 2032 1759 1955 2519 2803 2293 2414 2555 2130 2244 2658 3007 2797 2882 2685 3100 2922 2982 3218 2962 2827 2916 2919 2608 3012 3258 2989 2495 2462 2631 -9999 -9999 -9999 -9999 -9999 -9999 -9999 -9999 -9999 -9999 -9999 -9999 -9999 -9999 -9999 -9999 -9999 -9999 -9999 -9999 -9999 -9999 -9999 -9999 -9999 -9999 -9999 -9999 -9999 -9999 -9999 -9999 -9999 -9999 -9999 -9999 -9999 -9999 -9999 -9999 -9999 -9999 -9999 -9999 -9999 -9999 -9999 -9999 -9999 -9999 -9999 -9999 -9999
2922 2953 2627 2557 2375 2119 2198 1812 2323 2621 2730 2618 2321 1961 2198 2652 3030 3407 3093 2958 2802 2476 2602 2827 2672 2538 3397 3080 2728 2975 3153 2809 2516 2181 2317 -9999 -9999 -9999 -9999 -9999 -9999 -9999 -9999 -9999 -9999 -9999 -9999 -9999 -9999 -9999 -9999 -9999 -9999 -9999 -9999 -9999 -9999 -9999 -9999 -9999 -9999 -9999 -9999 -9999 -9999 -9999 -9999 -9999 -9999 -9999 -9999 -9999 -9999 -9999 -9999 -9999 -9999 -9999 -9999 -9999 -9999 -9999 -9999 -9999 -9999 -9999 -9999 -9999
2773 2523 2218 2366 2637 2355 2059 1896 2259 2584 2562 2367 2070 2180 2460 2712 2939 3450 3296 2795 2624 2189 2340 2584 2486 2437 3037 3084 2820 2802 2885 2637 2635 2128 1869 -9999 -9999 -9999 -9999 -9999 -9999 -9999 -9999 -9999 -9999 -9999 -9999 -9999 -9999 -9999 -9999 -9999 -9999 -9999 -9999 -9999 -9999 -9999 -9999 -9999 -9999 -9999 -9999 -9999 -9999 -9999 -9999 -9999 -9999 -9999 -9999 -9999 -9999 -9999 -9999 -9999 -9999 -9999 -9999 -9999 -9999 -9999 -9999 -9999 -9999 -9999 -9999 -9999
3166 2205 2290 2076 2529 2262 2470 2211 2011 2478 2468 2369 2346 2214 2687 2783 2802 3234 3137 2552 2383 2236 2281 2374 2330 2327 2918 2888 2752 2665 2514 2448 2227 1977 1959 -9999 -9999 -9999 -9999 -9999 -9999 -9999 -9999 -9999 -9999 -9999 -9999 -9999 -9999 -9999 -9999 -9999 -9999 -9999 -9999 -9999 -9999 -9999 -9999 -9999 -9999 -9999 -9999 -9999 -9999 -9999 -9999 -9999 -9999 -9999 -9999 -9999 -9999 -9999 -9999 -9999 -9999 -9999 -9999 -9999 -9999 -9999 -9999 -9999 -9999 -9999 -9999 -9999
2666 2336 1822 2277 2523 2727 2480 2241 2462 2742 2566 2610 2285 2521 2493 2630 2408 2702 2667 2294 2076 1847 2048 2334 2425 2714 2730 2644 2157 1952 1676 1548 1656 1965 2231 -9999 -9999 -9999 -9999 -9999 -9999 -9999 -9999 -9999 -9999 -9999 -9999 -9999 -9999 -9999 -9999 -9999 -9999 -9999 -9999 -9999 -9999 -9999 -9999 -9999 -9999 -9999 -9999 -9999 -9999 -9999 -9999 -9999 -9999 -9999 -9999 -9999 -9999 -9999 -9999 -9999 -9999 -9999 -9999 -9999 -9999 -9999 -9999 -9999 -9999 -9999 -9999 -9999
2111 1756 2037 2343 2247 2616 2629 2513 2708 2713 2258 2582 2616 2527 2363 2150 2221 2565 2765 2424 2238 1814 2125 2244 2678 2890 2579 2008 1838 1619 1570 1887 2140 2434 2803 -9999 -9999 -9999 -9999 -9999 -9999 -9999 -9999 -9999 -9999 -9999 -9999 -9999 -9999 -9999 -9999 -9999 -9999 -9999 -9999 -9999 -9999 -9999 -9999 -9999 -9999 -9999 -9999 -9999 -9999 -9999 -9999 -9999 -9999 -9999 -9999 -9999 -9999 -9999 -9999 -9999 -9999 -9999 -9999 -9999 -9999 -9999 -9999 -9999 -9999 -9999 -9999 -9999
1769 1806 2458 2550 2208 2572 2953 2938 2561 2288 2132 2454 2461 2688 2457 2185 1926 2486 2650 2424 2090 1771 1757 2046 2734 2740 2031 1705 1512 1528 2141 2395 2568 2533 2451 -9999 -9999 -9999 -9999 -9999 -9999 -9999 -9999 -9999 -9999 -9999 -9999 -9999 -9999 -9999 -9999 -9999 -9999 -9999 -9999 -9999 -9999 -9999 -9999 -9999 -9999 -9999 -9999 -9999 -9999 -9999 -9999 -9999 -9999 -9999 -9999 -9999 -9999 -9999 -9999 -9999 -9999 -9999 -9999 -9999 -9999 -9999 -9999 -9999 -9999 -9999 -9999 -9999
1671 1999 2576 2508 2317 2609 2836 2599 2500 2341 1855 2001 2145 2502 2481 2200 1846 2195 2646 2336 2139 1816 1478 2050 2359 2134 1929 1426 1446 1654 1802 2147 2639 2740 2683 -9999 -9999 -9999 -9999 -9999 -9999 -9999 -9999 -9999 -9999 -9999 -9999 -9999 -9999 -9999 -9999 -9999 -9999 -9999 -9999 -9999 -9999 -9999 -9999 -9999 -9999 -9999 -9999 -9999 -9999 -9999 -9999 -9999 -9999 -9999 -9999 -9999 -9999 -9999 -9999 -9999 -9999 -9999 -9999 -9999 -9999 -9999 -9999 -9999 -9999 -9999 -9999 -9999
2253 2443 2537 2894 2923 2704 2199 2090 2086 2477 2369 2112 1723 1957 1921 1986 1901 1685 2660 2249 2069 1890 1340 1535 1673 1579 1148 1193 1768 1894 2785 2232 2162 2617 3042 -9999 -9999 -9999 -9999 -9999 -9999 -9999 -9999 -9999 -9999 -9999 -9999 -9999 -9999 -9999 -9999 -9999 -9999 -9999 -9999 -9999 -9999 -9999 -9999 -9999 -9999 -9999 -9999 -9999 -9999 -9999 -9999 -9999 -9999 -9999 -9999 -9999 -9999 -9999 -9999 -9999 -9999 -9999 -9999 -9999 -9999 -9999 -9999 -9999 -9999 -9999 -9999 -9999
2118 2544 2388 2685 2889 2995 2424 2094 1977 2099 2073 1943 1726 1750 1667 1633 1726 1535 2248 2174 1876 1690 1419 1097 1181 1073 1387 1514 2012 2337 2577 2447 2222 2509 2601 -9999 -9999 -9999 -9999 -9999 -9999 -9999 -9999 -9999 -9999 -9999 -9999 -9999 -9999 -9999 -9999 -9999 -9999 -9999 -9999 -9999 -9999 -9999 -9999 -9999 -9999 -9999 -9999 -9999 -9999 -9999 -9999 -9999 -9999 -9999 -9999 -9999 -9999 -9999 -9999 -9999 -9999 -9999 -9999 -9999 -9999 -9999 -9999 -9999 -9999 -9999 -9999 -9999
2336 2419 2634 2945 2754 2862 2317 2035 1722 1799 1771 1702 1523 1493 1335 1322 1353 1504 1893 1807 1897 1483 1091 927 964 1133 1789 1952 2070 2581 2719 2484 2456 2724 2308 -9999 -9999 -9999 -9999 -9999 -9999 -9999 -9999 -9999 -9999 -9999 -9999 -9999 -9999 -9999 -9999 -9999 -9999 -9999 -9999 -9999 -9999 -9999 -9999 -9999 -9999 -9999 -9999 -9999 -9999 -9999 -9999 -9999 -9999 -9999 -9999 -9999 -9999 -9999 -9999 -9999 -9999 -9999 -9999 -9999 -9999 -9999 -9999 -9999 -9999 -9999 -9999 -9999
-9999 -9999 -9999 -9999 -9999 -9999 -9999 -9999 -9999 -9999 -9999 -9999 -9999 -9999 -9999 -9999 -9999 -9999 -9999 -9999 -9999 -9999 -9999 -9999 -9999 -9999 -9999 -9999 -9999 -9999 -9999 -9999 -9999 -9999 -9999 -9999 -9999 -9999 -9999 -9999 -9999 -9999 -9999 -9999 -9999 -9999 -9999 -9999 -9999 -9999 -9999 -9999 -9999 -9999 -9999 -9999 -9999 -9999 -9999 -9999 -9999 -9999 -9999 -9999 -9999 -9999 -9999 -9999 -9999 -9999 -9999 -9999 -9999 -9999 -9999 -9999 -9999 -9999 -9999 -9999 -9999 -9999 -9999 -9999 -9999 -9999 -9999 -9999
-9999 -9999 -9999 -9999 -9999 -9999 -9999 -9999 -9999 -9999 -9999 -9999 -9999 -9999 -9999 -9999 -9999 -9999 -9999 -9999 -9999 -9999 -9999 -9999 -9999 -9999 -9999 -9999 -9999 -9999 -9999 -9999 -9999 -9999 -9999 -9999 -9999 -9999 -9999 -9999 -9999 -9999 -9999 -9999 -9999 -9999 -9999 -9999 -9999 -9999 -9999 -9999 -9999 -9999 -9999 -9999 -9999 -9999 -9999 -9999 -9999 -9999 -9999 -9999 -9999 -9999 -9999 -9999 -9999 -9999 -9999 -9999 -9999 -9999 -9999 -9999 -9999 -9999 -9999 -9999 -9999 -9999 -9999 -9999 -9999 -9999 -9999 -9999
-9999 -9999 -9999 -9999 -9999 -9999 -9999 -9999 -9999 -9999 -9999 -9999 -9999 -9999 -9999 -9999 -9999 -9999 -9999 -9999 -9999 -9999 -9999 -9999 -9999 -9999 -9999 -9999 -9999 -9999 -9999 -9999 -9999 -9999 -9999 -9999 -9999 -9999 -9999 -9999 -9999 -9999 -9999 -9999 -9999 -9999 -9999 -9999 -9999 -9999 -9999 -9999 -9999 -9999 -9999 -9999 -9999 -9999 -9999 -9999 -9999 -9999 -9999 -9999 -9999 -9999 -9999 -9999 -9999 -9999 -9999 -9999 -9999 -9999 -9999 -9999 -9999 -9999 -9999 -9999 -9999 -9999 -9999 -9999 -9999 -9999 -9999 -9999
-9999 -9999 -9999 -9999 -9999 -9999 -9999 -9999 -9999 -9999 -9999 -9999 -9999 -9999 -9999 -9999 -9999 -9999 -9999 -9999 -9999 -9999 -9999 -9999 -9999 -9999 -9999 -9999 -9999 -9999 -9999 -9999 -9999 -9999 -9999 -9999 -9999 -9999 -9999 -9999 -9999 -9999 -9999 -9999 -9999 -9999 -9999 -9999 -9999 -9999 -9999 -9999 -9999 -9999 -9999 -9999 -9999 -9999 -9999 -9999 -9999 -9999 -9999 -9999 -9999 -9999 -9999 -9999 -9999 -9999 -9999 -9999 -9999 -9999 -9999 -9999 -9999 -9999 -9999 -9999 -9999 -9999 -9999 -9999 -9999 -9999 -9999 -9999
-9999 -9999 -9999 -9999 -9999 -9999 -9999 -9999 -9999 -9999 -9999 -9999 -9999 -9999 -9999 -9999 -9999 -9999 -9999 -9999 -9999 -9999 -9999 -9999 -9999 -9999 -9999 -9999 -9999 -9999 -9999 -9999 -9999 -9999 -9999 -9999 -9999 -9999 -9999 -9999 -9999 -9999 -9999 -9999 -9999 -9999 -9999 -9999 -9999 -9999 -9999 -9999 -9999 -9999 -9999 -9999 -9999 -9999 -9999 -9999 -9999 -9999 -9999 -9999 -9999 -9999 -9999 -9999 -9999 -9999 -9999 -9999 -9999 -9999 -9999 -9999 -9999 -9999 -9999 -9999 -9999 -9999 -9999 -9999 -9999 -9999 -9999 -9999
